2 0
3 0
5 0
7 0
8 0
9 0
10 0
12 0
13 0
14 0
15 0
17 0
19 0
20 0
21 0
22 0
23 0
24 0
25 0
27 0
29 0
30 0
32 0
33 0
35 0
36 0
37 0
38 0
39 0
41 0
42 0
44 0
45 0
46 0
47 0
49 0
50 0
51 0
52 0
53 0
54 0
55 0
56 0
57 0
58 0
59 0
60 0
61 0
63 0
64 0
65 0
66 0
67 0
68 0
69 0
70 0
71 0
72 0
73 0
74 0
75 0
76 0
78 0
81 0
82 0
83 0
86 0
87 0
88 0
89 0
90 0
91 0
92 0
93 0
95 0
96 0
98 0
99 0
100 0
101 0
104 0
105 0
106 0
107 0
108 0
109 0
110 0
111 0
112 0
113 0
114 0
116 0
118 0
119 0
120 0
121 0
122 0
123 0
124 0
125 0
126 0
127 0
128 0
129 0
132 0
133 0
134 0
135 0
136 0
137 0
138 0
140 0
141 0
142 0
145 0
146 0
147 0
148 0
149 0
151 0
153 0
154 0
155 0
156 0
157 0
158 0
159 0
160 0
161 0
163 0
164 0
165 0
166 0
167 0
168 0
169 0
170 0
171 0
172 0
173 0
174 0
177 0
178 0
179 0
182 0
183 0
184 0
185 0
186 0
188 0
189 0
190 0
191 0
193 0
194 0
195 0
196 0
197 0
199 0
200 0
201 0
203 0
204 0
205 0
206 0
207 0
208 0
209 0
210 0
211 0
212 0
214 0
215 0
216 0
217 0
218 0
219 0
220 0
221 0
222 0
223 0
224 0
226 0
227 0
228 0
229 0
230 0
231 0
232 0
234 0
235 0
236 0
237 0
238 0
239 0
240 0
241 0
242 0
243 0
244 0
245 0
246 0
247 0
249 0
251 0
252 0
253 0
254 0
255 0
256 0
257 0
258 0
259 0
260 0
261 0
262 0
263 0
264 0
266 0
267 0
268 0
269 0
271 0
272 0
273 0
274 0
275 0
276 0
277 0
278 0
279 0
280 0
281 0
283 0
284 0
285 0
286 0
287 0
289 0
290 0
291 0
292 0
293 0
295 0
296 0
297 0
298 0
299 0
300 0
302 0
303 0
304 0
305 0
306 0
307 0
308 0
309 0
310 0
311 0
312 0
316 0
317 0
318 0
319 0
320 0
322 0
323 0
324 0
325 0
327 0
329 0
330 0
331 0
332 0
333 0
334 0
335 0
336 0
337 0
339 0
340 0
341 0
342 0
343 0
345 0
346 0
347 0
348 0
349 0
350 0
351 0
352 0
353 0
354 0
355 0
356 0
357 0
358 0
359 0
361 0
362 0
363 0
364 0
365 0
366 0
367 0
368 0
369 0
370 0
371 0
372 0
373 0
-360 0
-344 0
-338 0
-328 0
-326 0
-321 0
-315 0
-314 0
-313 0
-301 0
-294 0
-288 0
-282 0
-270 0
-265 0
-250 0
-248 0
-233 0
-225 0
-213 0
-202 0
-198 0
-192 0
-187 0
-181 0
-180 0
-176 0
-175 0
-162 0
-152 0
-150 0
-144 0
-143 0
-139 0
-131 0
-130 0
-117 0
-115 0
-103 0
-102 0
-97 0
-94 0
-85 0
-84 0
-80 0
-79 0
-77 0
-62 0
-48 0
-43 0
-40 0
-34 0
-31 0
-28 0
-26 0
-18 0
-16 0
-11 0
-6 0
-4 0
-1 0

1503 115 -234 0
1503 -115 234 0
1504 115 -235 0
1504 -115 235 0
1505 115 -236 0
1505 -115 236 0
1506 -1 -3 374 0
1506 1 -374 0
1506 3 -374 0
1507 118 375 0
1507 -118 -375 0
1508 124 -237 0
1508 -124 237 0
1509 124 -238 0
1509 -124 238 0
1510 127 376 0
1510 -127 -376 0
1511 137 -239 0
1511 -137 239 0
1512 137 -240 0
1512 -137 240 0
1513 137 -241 0
1513 -137 241 0
1514 -142 -141 -140 -139 377 0
1514 142 -377 0
1514 141 -377 0
1514 140 -377 0
1514 139 -377 0
1515 374 378 0
1515 -374 -378 0
1516 32 242 0
1516 -32 -242 0
1517 106 243 0
1517 -106 -243 0
1518 64 244 0
1518 -64 -244 0
1519 76 245 0
1519 -76 -245 0
1520 53 246 0
1520 -53 -246 0
1521 96 247 0
1521 -96 -247 0
1522 43 248 0
1522 -43 -248 0
1523 86 249 0
1523 -86 -249 0
1524 -2 -11 -121 379 0
1524 2 -379 0
1524 11 -379 0
1524 121 -379 0
1525 121 -380 0
1525 -121 380 0
1526 -29 -29 381 0
1526 29 -381 0
1526 29 -381 0
1527 115 -382 0
1527 -115 382 0
1528 8 -383 0
1528 -8 383 0
1529 8 -384 0
1529 -8 384 0
1530 117 -385 0
1530 -117 385 0
1531 120 -386 0
1531 -120 386 0
1532 122 387 0
1532 -122 -387 0
1533 123 388 0
1533 -123 -388 0
1534 -9 -123 389 0
1534 9 -389 0
1534 123 -389 0
1535 -106 -64 -76 -32 390 0
1535 106 -390 0
1535 64 -390 0
1535 76 -390 0
1535 32 -390 0
1536 -96 -43 -86 -53 391 0
1536 96 -391 0
1536 43 -391 0
1536 86 -391 0
1536 53 -391 0
1537 117 -392 0
1537 -117 392 0
1538 120 -393 0
1538 -120 393 0
1539 125 394 0
1539 -125 -394 0
1540 126 395 0
1540 -126 -395 0
1541 145 -396 0
1541 -145 396 0
1542 146 -397 0
1542 -146 397 0
1543 148 398 0
1543 -148 -398 0
1544 149 399 0
1544 -149 -399 0
1545 150 400 0
1545 -150 -400 0
1546 151 401 0
1546 -151 -401 0
1547 152 402 0
1547 -152 -402 0
1548 153 403 0
1548 -153 -403 0
1549 156 404 0
1549 -156 -404 0
1550 145 -405 0
1550 -145 405 0
1551 146 -406 0
1551 -146 406 0
1552 12 -407 0
1552 -12 407 0
1553 12 -408 0
1553 -12 408 0
1554 157 409 0
1554 -157 -409 0
1555 -7 -121 410 0
1555 7 -410 0
1555 121 -410 0
1556 128 411 0
1556 -128 -411 0
1557 129 412 0
1557 -129 -412 0
1558 130 413 0
1558 -130 -413 0
1559 131 414 0
1559 -131 -414 0
1560 132 415 0
1560 -132 -415 0
1561 133 416 0
1561 -133 -416 0
1562 134 417 0
1562 -134 -417 0
1563 135 418 0
1563 -135 -418 0
1564 136 419 0
1564 -136 -419 0
1565 23 -420 0
1565 -23 420 0
1566 23 -421 0
1566 -23 421 0
1567 138 422 0
1567 -138 -422 0
1568 139 423 0
1568 -139 -423 0
1569 140 424 0
1569 -140 -424 0
1570 141 425 0
1570 -141 -425 0
1571 142 426 0
1571 -142 -426 0
1572 143 427 0
1572 -143 -427 0
1573 144 428 0
1573 -144 -428 0
1574 154 429 0
1574 -154 -429 0
1575 155 430 0
1575 -155 -430 0
1576 126 -431 0
1576 -126 431 0
1577 125 -432 0
1577 -125 432 0
1578 128 -433 0
1578 -128 433 0
1579 130 -434 0
1579 -130 434 0
1580 129 -435 0
1580 -129 435 0
1581 132 -436 0
1581 -132 436 0
1582 131 -437 0
1582 -131 437 0
1583 134 -438 0
1583 -134 438 0
1584 133 -439 0
1584 -133 439 0
1585 136 -440 0
1585 -136 440 0
1586 135 -441 0
1586 -135 441 0
1587 138 -442 0
1587 -138 442 0
1588 140 -443 0
1588 -140 443 0
1589 139 -444 0
1589 -139 444 0
1590 142 -445 0
1590 -142 445 0
1591 141 -446 0
1591 -141 446 0
1592 144 -447 0
1592 -144 447 0
1593 143 -448 0
1593 -143 448 0
1594 377 250 0
1594 -377 -250 0
1595 379 251 0
1595 -379 -251 0
1596 381 449 0
1596 -381 -449 0
1597 382 -252 0
1597 -382 252 0
1598 -149 -398 -450 0
1598 149 450 0
1598 398 450 0
1599 -148 -399 -451 0
1599 148 451 0
1599 399 451 0
1600 -151 -400 -452 0
1600 151 452 0
1600 400 452 0
1601 -150 -401 -453 0
1601 150 453 0
1601 401 453 0
1602 -153 -402 -454 0
1602 153 454 0
1602 402 454 0
1603 -152 -403 -455 0
1603 152 455 0
1603 403 455 0
1604 -155 -429 -456 0
1604 155 456 0
1604 429 456 0
1605 -154 -430 -457 0
1605 154 457 0
1605 430 457 0
1606 -74 -382 253 0
1606 74 -253 0
1606 382 -253 0
1607 -147 -410 458 0
1607 147 -458 0
1607 410 -458 0
1608 410 254 0
1608 -410 -254 0
1609 -119 -410 -255 0
1609 119 255 0
1609 410 255 0
1610 390 459 0
1610 -390 -459 0
1611 391 460 0
1611 -391 -460 0
1612 -391 -390 461 0
1612 391 -461 0
1612 390 -461 0
1613 383 -462 0
1613 -383 462 0
1614 385 463 0
1614 -385 -463 0
1615 386 464 0
1615 -386 -464 0
1616 -62 -385 -386 465 0
1616 62 -465 0
1616 385 -465 0
1616 386 -465 0
1617 -52 -385 -386 466 0
1617 52 -466 0
1617 385 -466 0
1617 386 -466 0
1618 -61 -385 -386 467 0
1618 61 -467 0
1618 385 -467 0
1618 386 -467 0
1619 -60 -385 -386 468 0
1619 60 -468 0
1619 385 -468 0
1619 386 -468 0
1620 -59 -385 -386 469 0
1620 59 -469 0
1620 385 -469 0
1620 386 -469 0
1621 -9 -388 470 0
1621 9 -470 0
1621 388 -470 0
1622 383 -471 0
1622 -383 471 0
1623 392 472 0
1623 -392 -472 0
1624 393 473 0
1624 -393 -473 0
1625 -58 -392 -393 474 0
1625 58 -474 0
1625 392 -474 0
1625 393 -474 0
1626 -57 -392 -393 475 0
1626 57 -475 0
1626 392 -475 0
1626 393 -475 0
1627 -56 -392 -393 476 0
1627 56 -476 0
1627 392 -476 0
1627 393 -476 0
1628 -55 -392 -393 477 0
1628 55 -477 0
1628 392 -477 0
1628 393 -477 0
1629 -54 -392 -393 478 0
1629 54 -478 0
1629 392 -478 0
1629 393 -478 0
1630 396 479 0
1630 -396 -479 0
1631 397 480 0
1631 -397 -480 0
1632 -90 -396 -397 481 0
1632 90 -481 0
1632 396 -481 0
1632 397 -481 0
1633 -89 -396 -397 482 0
1633 89 -482 0
1633 396 -482 0
1633 397 -482 0
1634 -88 -396 -397 483 0
1634 88 -483 0
1634 396 -483 0
1634 397 -483 0
1635 -87 -396 -397 484 0
1635 87 -484 0
1635 396 -484 0
1635 397 -484 0
1636 -396 -397 485 0
1636 396 -485 0
1636 397 -485 0
1637 -450 -451 -486 0
1637 450 486 0
1637 451 486 0
1638 -452 -453 -487 0
1638 452 487 0
1638 453 487 0
1639 -454 -455 -488 0
1639 454 488 0
1639 455 488 0
1640 433 489 0
1640 -433 -489 0
1641 -433 -404 -490 0
1641 433 490 0
1641 404 490 0
1642 434 491 0
1642 -434 -491 0
1643 435 492 0
1643 -435 -492 0
1644 436 493 0
1644 -436 -493 0
1645 437 494 0
1645 -437 -494 0
1646 405 495 0
1646 -405 -495 0
1647 406 496 0
1647 -406 -496 0
1648 -94 -405 -406 497 0
1648 94 -497 0
1648 405 -497 0
1648 406 -497 0
1649 -85 -405 -406 498 0
1649 85 -498 0
1649 405 -498 0
1649 406 -498 0
1650 -93 -405 -406 499 0
1650 93 -499 0
1650 405 -499 0
1650 406 -499 0
1651 -92 -405 -406 500 0
1651 92 -500 0
1651 405 -500 0
1651 406 -500 0
1652 -91 -405 -406 501 0
1652 91 -501 0
1652 405 -501 0
1652 406 -501 0
1653 407 502 0
1653 -407 -502 0
1654 408 503 0
1654 -408 -503 0
1655 442 504 0
1655 -442 -504 0
1656 -442 -409 -505 0
1656 442 505 0
1656 409 505 0
1657 443 506 0
1657 -443 -506 0
1658 444 507 0
1658 -444 -507 0
1659 445 508 0
1659 -445 -508 0
1660 446 509 0
1660 -446 -509 0
1661 384 -510 0
1661 -384 510 0
1662 384 -511 0
1662 -384 511 0
1663 420 512 0
1663 -420 -512 0
1664 421 513 0
1664 -421 -513 0
1665 431 514 0
1665 -431 -514 0
1666 432 515 0
1666 -432 -515 0
1667 438 516 0
1667 -438 -516 0
1668 439 517 0
1668 -439 -517 0
1669 440 518 0
1669 -440 -518 0
1670 441 519 0
1670 -441 -519 0
1671 -456 -457 -520 0
1671 456 520 0
1671 457 520 0
1672 394 -521 0
1672 -394 521 0
1673 395 -522 0
1673 -395 522 0
1674 411 -523 0
1674 -411 523 0
1675 412 -524 0
1675 -412 524 0
1676 413 -525 0
1676 -413 525 0
1677 414 -526 0
1677 -414 526 0
1678 415 -527 0
1678 -415 527 0
1679 416 -528 0
1679 -416 528 0
1680 417 -529 0
1680 -417 529 0
1681 418 -530 0
1681 -418 530 0
1682 447 531 0
1682 -447 -531 0
1683 448 532 0
1683 -448 -532 0
1684 419 -533 0
1684 -419 533 0
1685 422 -534 0
1685 -422 534 0
1686 423 -535 0
1686 -423 535 0
1687 424 -536 0
1687 -424 536 0
1688 425 -537 0
1688 -425 537 0
1689 426 -538 0
1689 -426 538 0
1690 458 256 0
1690 -458 -256 0
1691 -147 -459 539 0
1691 147 -539 0
1691 459 -539 0
1692 -119 -460 540 0
1692 119 -540 0
1692 460 -540 0
1693 461 -257 0
1693 -461 257 0
1694 470 389 -541 0
1694 -470 541 0
1694 -389 541 0
1695 -156 -489 -542 0
1695 156 542 0
1695 489 542 0
1696 -435 -491 -543 0
1696 435 543 0
1696 491 543 0
1697 -434 -492 -544 0
1697 434 544 0
1697 492 544 0
1698 -437 -493 -545 0
1698 437 545 0
1698 493 545 0
1699 -436 -494 -546 0
1699 436 546 0
1699 494 546 0
1700 -157 -504 -547 0
1700 157 547 0
1700 504 547 0
1701 -444 -506 -548 0
1701 444 548 0
1701 506 548 0
1702 -443 -507 -549 0
1702 443 549 0
1702 507 549 0
1703 -446 -508 -550 0
1703 446 550 0
1703 508 550 0
1704 -445 -509 -551 0
1704 445 551 0
1704 509 551 0
1705 -432 -514 -552 0
1705 432 552 0
1705 514 552 0
1706 -431 -515 -553 0
1706 431 553 0
1706 515 553 0
1707 -439 -516 -554 0
1707 439 554 0
1707 516 554 0
1708 -438 -517 -555 0
1708 438 555 0
1708 517 555 0
1709 -441 -518 -556 0
1709 441 556 0
1709 518 556 0
1710 -440 -519 -557 0
1710 440 557 0
1710 519 557 0
1711 -448 -531 -558 0
1711 448 558 0
1711 531 558 0
1712 -447 -532 -559 0
1712 447 559 0
1712 532 559 0
1713 461 258 0
1713 -461 -258 0
1714 539 560 0
1714 -539 -560 0
1715 540 561 0
1715 -540 -561 0
1716 -73 -463 -464 562 0
1716 73 -562 0
1716 463 -562 0
1716 464 -562 0
1717 -41 -385 -464 563 0
1717 41 -563 0
1717 385 -563 0
1717 464 -563 0
1718 -51 -463 -386 564 0
1718 51 -564 0
1718 463 -564 0
1718 386 -564 0
1719 -63 -463 -464 565 0
1719 63 -565 0
1719 463 -565 0
1719 464 -565 0
1720 -31 -385 -464 566 0
1720 31 -566 0
1720 385 -566 0
1720 464 -566 0
1721 -42 -463 -386 567 0
1721 42 -567 0
1721 463 -567 0
1721 386 -567 0
1722 -72 -463 -464 568 0
1722 72 -568 0
1722 463 -568 0
1722 464 -568 0
1723 -40 -385 -464 569 0
1723 40 -569 0
1723 385 -569 0
1723 464 -569 0
1724 -50 -463 -386 570 0
1724 50 -570 0
1724 463 -570 0
1724 386 -570 0
1725 -71 -463 -464 571 0
1725 71 -571 0
1725 463 -571 0
1725 464 -571 0
1726 -39 -385 -464 572 0
1726 39 -572 0
1726 385 -572 0
1726 464 -572 0
1727 -49 -463 -386 573 0
1727 49 -573 0
1727 463 -573 0
1727 386 -573 0
1728 -70 -463 -464 574 0
1728 70 -574 0
1728 463 -574 0
1728 464 -574 0
1729 -38 -385 -464 575 0
1729 38 -575 0
1729 385 -575 0
1729 464 -575 0
1730 -48 -463 -386 576 0
1730 48 -576 0
1730 463 -576 0
1730 386 -576 0
1731 -69 -472 -473 577 0
1731 69 -577 0
1731 472 -577 0
1731 473 -577 0
1732 -37 -392 -473 578 0
1732 37 -578 0
1732 392 -578 0
1732 473 -578 0
1733 -47 -472 -393 579 0
1733 47 -579 0
1733 472 -579 0
1733 393 -579 0
1734 -68 -472 -473 580 0
1734 68 -580 0
1734 472 -580 0
1734 473 -580 0
1735 -36 -392 -473 581 0
1735 36 -581 0
1735 392 -581 0
1735 473 -581 0
1736 -46 -472 -393 582 0
1736 46 -582 0
1736 472 -582 0
1736 393 -582 0
1737 -67 -472 -473 583 0
1737 67 -583 0
1737 472 -583 0
1737 473 -583 0
1738 -35 -392 -473 584 0
1738 35 -584 0
1738 392 -584 0
1738 473 -584 0
1739 -472 -393 585 0
1739 472 -585 0
1739 393 -585 0
1740 -66 -472 -473 586 0
1740 66 -586 0
1740 472 -586 0
1740 473 -586 0
1741 -34 -392 -473 587 0
1741 34 -587 0
1741 392 -587 0
1741 473 -587 0
1742 -45 -472 -393 588 0
1742 45 -588 0
1742 472 -588 0
1742 393 -588 0
1743 -65 -472 -473 589 0
1743 65 -589 0
1743 472 -589 0
1743 473 -589 0
1744 -33 -392 -473 590 0
1744 33 -590 0
1744 392 -590 0
1744 473 -590 0
1745 -44 -472 -393 591 0
1745 44 -591 0
1745 472 -591 0
1745 393 -591 0
1746 -110 -479 -480 592 0
1746 110 -592 0
1746 479 -592 0
1746 480 -592 0
1747 -80 -396 -480 593 0
1747 80 -593 0
1747 396 -593 0
1747 480 -593 0
1748 -100 -479 -397 594 0
1748 100 -594 0
1748 479 -594 0
1748 397 -594 0
1749 -109 -479 -480 595 0
1749 109 -595 0
1749 479 -595 0
1749 480 -595 0
1750 -79 -396 -480 596 0
1750 79 -596 0
1750 396 -596 0
1750 480 -596 0
1751 -99 -479 -397 597 0
1751 99 -597 0
1751 479 -597 0
1751 397 -597 0
1752 -108 -479 -480 598 0
1752 108 -598 0
1752 479 -598 0
1752 480 -598 0
1753 -78 -396 -480 599 0
1753 78 -599 0
1753 396 -599 0
1753 480 -599 0
1754 -98 -479 -397 600 0
1754 98 -600 0
1754 479 -600 0
1754 397 -600 0
1755 -107 -479 -480 601 0
1755 107 -601 0
1755 479 -601 0
1755 480 -601 0
1756 -77 -396 -480 602 0
1756 77 -602 0
1756 396 -602 0
1756 480 -602 0
1757 -97 -479 -397 603 0
1757 97 -603 0
1757 479 -603 0
1757 397 -603 0
1758 -479 -480 604 0
1758 479 -604 0
1758 480 -604 0
1759 -396 -480 605 0
1759 396 -605 0
1759 480 -605 0
1760 -479 -397 606 0
1760 479 -606 0
1760 397 -606 0
1761 486 607 0
1761 -486 -607 0
1762 487 608 0
1762 -487 -608 0
1763 -542 -490 -609 0
1763 542 609 0
1763 490 609 0
1764 -543 -544 -610 0
1764 543 610 0
1764 544 610 0
1765 -545 -546 -611 0
1765 545 611 0
1765 546 611 0
1766 488 -612 0
1766 -488 612 0
1767 488 -613 0
1767 -488 613 0
1768 521 614 0
1768 -521 -614 0
1769 522 615 0
1769 -522 -615 0
1770 523 616 0
1770 -523 -616 0
1771 524 617 0
1771 -524 -617 0
1772 525 618 0
1772 -525 -618 0
1773 526 619 0
1773 -526 -619 0
1774 527 620 0
1774 -527 -620 0
1775 528 621 0
1775 -528 -621 0
1776 529 622 0
1776 -529 -622 0
1777 530 623 0
1777 -530 -623 0
1778 -114 -495 -496 624 0
1778 114 -624 0
1778 495 -624 0
1778 496 -624 0
1779 -84 -405 -496 625 0
1779 84 -625 0
1779 405 -625 0
1779 496 -625 0
1780 -104 -495 -406 626 0
1780 104 -626 0
1780 495 -626 0
1780 406 -626 0
1781 -105 -495 -496 627 0
1781 105 -627 0
1781 495 -627 0
1781 496 -627 0
1782 -75 -405 -496 628 0
1782 75 -628 0
1782 405 -628 0
1782 496 -628 0
1783 -95 -495 -406 629 0
1783 95 -629 0
1783 495 -629 0
1783 406 -629 0
1784 -113 -495 -496 630 0
1784 113 -630 0
1784 495 -630 0
1784 496 -630 0
1785 -83 -405 -496 631 0
1785 83 -631 0
1785 405 -631 0
1785 496 -631 0
1786 -103 -495 -406 632 0
1786 103 -632 0
1786 495 -632 0
1786 406 -632 0
1787 -112 -495 -496 633 0
1787 112 -633 0
1787 495 -633 0
1787 496 -633 0
1788 -82 -405 -496 634 0
1788 82 -634 0
1788 405 -634 0
1788 496 -634 0
1789 -102 -495 -406 635 0
1789 102 -635 0
1789 495 -635 0
1789 406 -635 0
1790 -111 -495 -496 636 0
1790 111 -636 0
1790 495 -636 0
1790 496 -636 0
1791 -81 -405 -496 637 0
1791 81 -637 0
1791 405 -637 0
1791 496 -637 0
1792 -101 -495 -406 638 0
1792 101 -638 0
1792 495 -638 0
1792 406 -638 0
1793 -13 -502 639 0
1793 13 -639 0
1793 502 -639 0
1794 -4 -502 640 0
1794 4 -640 0
1794 502 -640 0
1795 -14 -502 641 0
1795 14 -641 0
1795 502 -641 0
1796 -5 -502 642 0
1796 5 -642 0
1796 502 -642 0
1797 -15 -503 643 0
1797 15 -643 0
1797 503 -643 0
1798 -16 -503 644 0
1798 16 -644 0
1798 503 -644 0
1799 -17 -503 645 0
1799 17 -645 0
1799 503 -645 0
1800 -6 -503 646 0
1800 6 -646 0
1800 503 -646 0
1801 -18 -503 647 0
1801 18 -647 0
1801 503 -647 0
1802 -547 -505 -648 0
1802 547 648 0
1802 505 648 0
1803 -548 -549 -649 0
1803 548 649 0
1803 549 649 0
1804 -550 -551 -650 0
1804 550 650 0
1804 551 650 0
1805 -19 -512 651 0
1805 19 -651 0
1805 512 -651 0
1806 -24 -512 652 0
1806 24 -652 0
1806 512 -652 0
1807 -20 -512 653 0
1807 20 -653 0
1807 512 -653 0
1808 -25 -512 654 0
1808 25 -654 0
1808 512 -654 0
1809 -21 -513 655 0
1809 21 -655 0
1809 513 -655 0
1810 -26 -513 656 0
1810 26 -656 0
1810 513 -656 0
1811 -27 -513 657 0
1811 27 -657 0
1811 513 -657 0
1812 -22 -513 658 0
1812 22 -658 0
1812 513 -658 0
1813 533 659 0
1813 -533 -659 0
1814 534 660 0
1814 -534 -660 0
1815 535 661 0
1815 -535 -661 0
1816 536 662 0
1816 -536 -662 0
1817 537 663 0
1817 -537 -663 0
1818 538 664 0
1818 -538 -664 0
1819 -552 -553 -665 0
1819 552 665 0
1819 553 665 0
1820 520 666 0
1820 -520 -666 0
1821 -556 -557 -667 0
1821 556 667 0
1821 557 667 0
1822 -554 -555 -668 0
1822 554 668 0
1822 555 668 0
1823 -558 -559 -669 0
1823 558 669 0
1823 559 669 0
1824 -560 -561 670 0
1824 560 -670 0
1824 561 -670 0
1825 562 563 564 465 -671 0
1825 -562 671 0
1825 -563 671 0
1825 -564 671 0
1825 -465 671 0
1826 565 566 567 466 -672 0
1826 -565 672 0
1826 -566 672 0
1826 -567 672 0
1826 -466 672 0
1827 568 569 570 467 -673 0
1827 -568 673 0
1827 -569 673 0
1827 -570 673 0
1827 -467 673 0
1828 571 572 573 468 -674 0
1828 -571 674 0
1828 -572 674 0
1828 -573 674 0
1828 -468 674 0
1829 574 575 576 469 -675 0
1829 -574 675 0
1829 -575 675 0
1829 -576 675 0
1829 -469 675 0
1830 577 578 579 474 -676 0
1830 -577 676 0
1830 -578 676 0
1830 -579 676 0
1830 -474 676 0
1831 580 581 582 475 -677 0
1831 -580 677 0
1831 -581 677 0
1831 -582 677 0
1831 -475 677 0
1832 583 584 585 476 -678 0
1832 -583 678 0
1832 -584 678 0
1832 -585 678 0
1832 -476 678 0
1833 586 587 588 477 -679 0
1833 -586 679 0
1833 -587 679 0
1833 -588 679 0
1833 -477 679 0
1834 589 590 591 478 -680 0
1834 -589 680 0
1834 -590 680 0
1834 -591 680 0
1834 -478 680 0
1835 592 593 594 481 -681 0
1835 -592 681 0
1835 -593 681 0
1835 -594 681 0
1835 -481 681 0
1836 595 596 597 482 -682 0
1836 -595 682 0
1836 -596 682 0
1836 -597 682 0
1836 -482 682 0
1837 598 599 600 483 -683 0
1837 -598 683 0
1837 -599 683 0
1837 -600 683 0
1837 -483 683 0
1838 601 602 603 484 -684 0
1838 -601 684 0
1838 -602 684 0
1838 -603 684 0
1838 -484 684 0
1839 604 605 606 485 -685 0
1839 -604 685 0
1839 -605 685 0
1839 -606 685 0
1839 -485 685 0
1840 627 628 629 498 -686 0
1840 -627 686 0
1840 -628 686 0
1840 -629 686 0
1840 -498 686 0
1841 630 631 632 499 -687 0
1841 -630 687 0
1841 -631 687 0
1841 -632 687 0
1841 -499 687 0
1842 633 634 635 500 -688 0
1842 -633 688 0
1842 -634 688 0
1842 -635 688 0
1842 -500 688 0
1843 636 637 638 501 -689 0
1843 -636 689 0
1843 -637 689 0
1843 -638 689 0
1843 -501 689 0
1844 624 625 626 497 -690 0
1844 -624 690 0
1844 -625 690 0
1844 -626 690 0
1844 -497 690 0
1845 670 -259 0
1845 -670 259 0
1846 609 691 0
1846 -609 -691 0
1847 610 692 0
1847 -610 -692 0
1848 612 693 0
1848 -612 -693 0
1849 613 694 0
1849 -613 -694 0
1850 611 -695 0
1850 -611 695 0
1851 611 -696 0
1851 -611 696 0
1852 -487 -486 -612 697 0
1852 487 -697 0
1852 486 -697 0
1852 612 -697 0
1853 -608 -607 -613 698 0
1853 608 -698 0
1853 607 -698 0
1853 613 -698 0
1854 648 699 0
1854 -648 -699 0
1855 649 700 0
1855 -649 -700 0
1856 650 -701 0
1856 -650 701 0
1857 650 -702 0
1857 -650 702 0
1858 669 703 0
1858 -669 -703 0
1859 665 704 0
1859 -665 -704 0
1860 -665 -666 -705 0
1860 665 705 0
1860 666 705 0
1861 667 706 0
1861 -667 -706 0
1862 668 707 0
1862 -668 -707 0
1863 -671 -122 708 0
1863 671 -708 0
1863 122 -708 0
1864 -673 -122 709 0
1864 673 -709 0
1864 122 -709 0
1865 -672 -122 710 0
1865 672 -710 0
1865 122 -710 0
1866 682 260 0
1866 -682 -260 0
1867 683 261 0
1867 -683 -261 0
1868 681 262 0
1868 -681 -262 0
1869 677 263 0
1869 -677 -263 0
1870 676 264 0
1870 -676 -264 0
1871 675 265 0
1871 -675 -265 0
1872 -380 -116 -28 -670 711 0
1872 380 -711 0
1872 116 -711 0
1872 28 -711 0
1872 670 -711 0
1873 -380 -116 -670 -378 712 0
1873 380 -712 0
1873 116 -712 0
1873 670 -712 0
1873 378 -712 0
1874 671 -713 0
1874 -671 713 0
1875 673 714 0
1875 -673 -714 0
1876 -672 -388 715 0
1876 672 -715 0
1876 388 -715 0
1877 -673 -388 716 0
1877 673 -716 0
1877 388 -716 0
1878 -676 -123 717 0
1878 676 -717 0
1878 123 -717 0
1879 671 718 0
1879 -671 -718 0
1880 672 719 0
1880 -672 -719 0
1881 673 720 0
1881 -673 -720 0
1882 674 -721 0
1882 -674 721 0
1883 675 -722 0
1883 -675 722 0
1884 676 -723 0
1884 -676 723 0
1885 677 -724 0
1885 -677 724 0
1886 678 -725 0
1886 -678 725 0
1887 679 -726 0
1887 -679 726 0
1888 680 -727 0
1888 -680 727 0
1889 -427 -684 -728 0
1889 427 728 0
1889 684 728 0
1890 -428 -685 -729 0
1890 428 729 0
1890 685 729 0
1891 688 -730 0
1891 -688 730 0
1892 -681 -376 731 0
1892 681 -731 0
1892 376 -731 0
1893 682 732 0
1893 -682 -732 0
1894 -607 -487 -693 733 0
1894 607 -733 0
1894 487 -733 0
1894 693 -733 0
1895 -486 -608 -694 734 0
1895 486 -734 0
1895 608 -734 0
1895 694 -734 0
1896 -672 -407 735 0
1896 672 -735 0
1896 407 -735 0
1897 -673 -407 736 0
1897 673 -736 0
1897 407 -736 0
1898 -674 -407 737 0
1898 674 -737 0
1898 407 -737 0
1899 -675 -407 738 0
1899 675 -738 0
1899 407 -738 0
1900 -676 -408 739 0
1900 676 -739 0
1900 408 -739 0
1901 -677 -408 740 0
1901 677 -740 0
1901 408 -740 0
1902 -678 -408 741 0
1902 678 -741 0
1902 408 -741 0
1903 -679 -408 742 0
1903 679 -742 0
1903 408 -742 0
1904 -680 -408 743 0
1904 680 -743 0
1904 408 -743 0
1905 690 744 0
1905 -690 -744 0
1906 -686 -420 745 0
1906 686 -745 0
1906 420 -745 0
1907 -687 -420 746 0
1907 687 -746 0
1907 420 -746 0
1908 -688 -420 747 0
1908 688 -747 0
1908 420 -747 0
1909 -689 -420 748 0
1909 689 -748 0
1909 420 -748 0
1910 -681 -421 749 0
1910 681 -749 0
1910 421 -749 0
1911 -682 -421 750 0
1911 682 -750 0
1911 421 -750 0
1912 -683 -421 751 0
1912 683 -751 0
1912 421 -751 0
1913 -684 -421 752 0
1913 684 -752 0
1913 421 -752 0
1914 672 -753 0
1914 -672 753 0
1915 -520 -704 -754 0
1915 520 754 0
1915 704 754 0
1916 -668 -706 -755 0
1916 668 755 0
1916 706 755 0
1917 -667 -707 -756 0
1917 667 756 0
1917 707 756 0
1918 686 -757 0
1918 -686 757 0
1919 688 -758 0
1919 -688 758 0
1920 687 -759 0
1920 -687 759 0
1921 681 -760 0
1921 -681 760 0
1922 689 -761 0
1922 -689 761 0
1923 683 -762 0
1923 -683 762 0
1924 682 -763 0
1924 -682 763 0
1925 685 -764 0
1925 -685 764 0
1926 684 -765 0
1926 -684 765 0
1927 387 710 -266 0
1927 -387 266 0
1927 -710 266 0
1928 711 267 0
1928 -711 -267 0
1929 712 268 0
1929 -712 -268 0
1930 721 -269 0
1930 -721 269 0
1931 722 -270 0
1931 -722 270 0
1932 723 -271 0
1932 -723 271 0
1933 724 -272 0
1933 -724 272 0
1934 725 -273 0
1934 -725 273 0
1935 726 -274 0
1935 -726 274 0
1936 727 -275 0
1936 -727 275 0
1937 695 766 0
1937 -695 -766 0
1938 696 767 0
1938 -696 -767 0
1939 733 697 768 0
1939 -733 -768 0
1939 -697 -768 0
1940 734 698 769 0
1940 -734 -769 0
1940 -698 -769 0
1941 -610 -609 -695 770 0
1941 610 -770 0
1941 609 -770 0
1941 695 -770 0
1942 -692 -691 -696 771 0
1942 692 -771 0
1942 691 -771 0
1942 696 -771 0
1943 658 752 -772 0
1943 -658 772 0
1943 -752 772 0
1944 701 773 0
1944 -701 -773 0
1945 702 774 0
1945 -702 -774 0
1946 -649 -648 -701 775 0
1946 649 -775 0
1946 648 -775 0
1946 701 -775 0
1947 -700 -699 -702 776 0
1947 700 -776 0
1947 699 -776 0
1947 702 -776 0
1948 -754 -705 -777 0
1948 754 777 0
1948 705 777 0
1949 -755 -756 -778 0
1949 755 778 0
1949 756 778 0
1950 639 735 -779 0
1950 -639 779 0
1950 -735 779 0
1951 640 736 -780 0
1951 -640 780 0
1951 -736 780 0
1952 641 737 -781 0
1952 -641 781 0
1952 -737 781 0
1953 642 738 -782 0
1953 -642 782 0
1953 -738 782 0
1954 643 739 -783 0
1954 -643 783 0
1954 -739 783 0
1955 644 740 -784 0
1955 -644 784 0
1955 -740 784 0
1956 645 741 -785 0
1956 -645 785 0
1956 -741 785 0
1957 646 742 -786 0
1957 -646 786 0
1957 -742 786 0
1958 647 743 -787 0
1958 -647 787 0
1958 -743 787 0
1959 651 745 -788 0
1959 -651 788 0
1959 -745 788 0
1960 652 746 -789 0
1960 -652 789 0
1960 -746 789 0
1961 653 747 -790 0
1961 -653 790 0
1961 -747 790 0
1962 654 748 -791 0
1962 -654 791 0
1962 -748 791 0
1963 655 749 -792 0
1963 -655 792 0
1963 -749 792 0
1964 656 750 -793 0
1964 -656 793 0
1964 -750 793 0
1965 657 751 -794 0
1965 -657 794 0
1965 -751 794 0
1966 -732 -731 -30 795 0
1966 732 -795 0
1966 731 -795 0
1966 30 -795 0
1967 731 796 0
1967 -731 -796 0
1968 -375 -714 -797 0
1968 375 797 0
1968 714 797 0
1969 -713 -388 798 0
1969 713 -798 0
1969 388 -798 0
1970 -722 -123 799 0
1970 722 -799 0
1970 123 -799 0
1971 -721 -388 800 0
1971 721 -800 0
1971 388 -800 0
1972 721 801 0
1972 -721 -801 0
1973 722 802 0
1973 -722 -802 0
1974 724 803 0
1974 -724 -803 0
1975 725 804 0
1975 -725 -804 0
1976 726 805 0
1976 -726 -805 0
1977 727 806 0
1977 -727 -806 0
1978 -427 -728 807 0
1978 427 -807 0
1978 728 -807 0
1979 -728 -684 808 0
1979 728 -808 0
1979 684 -808 0
1980 -428 -729 809 0
1980 428 -809 0
1980 729 -809 0
1981 -729 -685 810 0
1981 729 -810 0
1981 685 -810 0
1982 -691 -610 -766 811 0
1982 691 -811 0
1982 610 -811 0
1982 766 -811 0
1983 -609 -692 -767 812 0
1983 609 -812 0
1983 692 -812 0
1983 767 -812 0
1984 757 813 0
1984 -757 -813 0
1985 -757 -744 -814 0
1985 757 814 0
1985 744 814 0
1986 758 815 0
1986 -758 -815 0
1987 759 816 0
1987 -759 -816 0
1988 760 817 0
1988 -760 -817 0
1989 761 818 0
1989 -761 -818 0
1990 -699 -649 -773 819 0
1990 699 -819 0
1990 649 -819 0
1990 773 -819 0
1991 -648 -700 -774 820 0
1991 648 -820 0
1991 700 -820 0
1991 774 -820 0
1992 719 -821 0
1992 -719 821 0
1993 718 -822 0
1993 -718 822 0
1994 720 -823 0
1994 -720 823 0
1995 723 824 0
1995 -723 -824 0
1996 714 825 0
1996 -714 -825 0
1997 753 826 0
1997 -753 -826 0
1998 719 -827 0
1998 -719 827 0
1999 718 -828 0
1999 -718 828 0
2000 720 -829 0
2000 -720 829 0
2001 713 -830 0
2001 -713 830 0
2002 720 -831 0
2002 -720 831 0
2003 720 -832 0
2003 -720 832 0
2004 -769 -768 -833 0
2004 769 833 0
2004 768 833 0
2005 762 834 0
2005 -762 -834 0
2006 763 835 0
2006 -763 -835 0
2007 764 836 0
2007 -764 -836 0
2008 765 837 0
2008 -765 -837 0
2009 -30 -732 -796 838 0
2009 30 -838 0
2009 732 -838 0
2009 796 -838 0
2010 716 799 -839 0
2010 -716 839 0
2010 -799 839 0
2011 800 717 -840 0
2011 -800 840 0
2011 -717 840 0
2012 807 808 -841 0
2012 -807 841 0
2012 -808 841 0
2013 809 810 -842 0
2013 -809 842 0
2013 -810 842 0
2014 811 770 843 0
2014 -811 -843 0
2014 -770 -843 0
2015 812 771 844 0
2015 -812 -844 0
2015 -771 -844 0
2016 777 845 0
2016 -777 -845 0
2017 778 846 0
2017 -778 -846 0
2018 -779 -614 -847 0
2018 779 847 0
2018 614 847 0
2019 779 848 0
2019 -779 -848 0
2020 -780 -615 -849 0
2020 780 849 0
2020 615 849 0
2021 780 850 0
2021 -780 -850 0
2022 -781 -616 -851 0
2022 781 851 0
2022 616 851 0
2023 781 852 0
2023 -781 -852 0
2024 -782 -617 -853 0
2024 782 853 0
2024 617 853 0
2025 782 854 0
2025 -782 -854 0
2026 -783 -618 -855 0
2026 783 855 0
2026 618 855 0
2027 783 856 0
2027 -783 -856 0
2028 -784 -619 -857 0
2028 784 857 0
2028 619 857 0
2029 784 858 0
2029 -784 -858 0
2030 -785 -620 -859 0
2030 785 859 0
2030 620 859 0
2031 785 860 0
2031 -785 -860 0
2032 -786 -621 -861 0
2032 786 861 0
2032 621 861 0
2033 786 862 0
2033 -786 -862 0
2034 -787 -622 -863 0
2034 787 863 0
2034 622 863 0
2035 787 864 0
2035 -787 -864 0
2036 -788 -623 -865 0
2036 788 865 0
2036 623 865 0
2037 788 866 0
2037 -788 -866 0
2038 -690 -813 -867 0
2038 690 867 0
2038 813 867 0
2039 -759 -815 -868 0
2039 759 868 0
2039 815 868 0
2040 -758 -816 -869 0
2040 758 869 0
2040 816 869 0
2041 -761 -817 -870 0
2041 761 870 0
2041 817 870 0
2042 -760 -818 -871 0
2042 760 871 0
2042 818 871 0
2043 819 775 872 0
2043 -819 -872 0
2043 -775 -872 0
2044 820 776 873 0
2044 -820 -873 0
2044 -776 -873 0
2045 -789 -659 -874 0
2045 789 874 0
2045 659 874 0
2046 789 875 0
2046 -789 -875 0
2047 -790 -660 -876 0
2047 790 876 0
2047 660 876 0
2048 790 877 0
2048 -790 -877 0
2049 -791 -661 -878 0
2049 791 878 0
2049 661 878 0
2050 791 879 0
2050 -791 -879 0
2051 -792 -662 -880 0
2051 792 880 0
2051 662 880 0
2052 792 881 0
2052 -792 -881 0
2053 -793 -663 -882 0
2053 793 882 0
2053 663 882 0
2054 793 883 0
2054 -793 -883 0
2055 -794 -664 -884 0
2055 794 884 0
2055 664 884 0
2056 794 885 0
2056 -794 -885 0
2057 -763 -834 -886 0
2057 763 886 0
2057 834 886 0
2058 -762 -835 -887 0
2058 762 887 0
2058 835 887 0
2059 -765 -836 -888 0
2059 765 888 0
2059 836 888 0
2060 -764 -837 -889 0
2060 764 889 0
2060 837 889 0
2061 -797 -387 890 0
2061 797 -890 0
2061 387 -890 0
2062 795 891 0
2062 -795 -891 0
2063 821 892 0
2063 -821 -892 0
2064 822 893 0
2064 -822 -893 0
2065 823 894 0
2065 -823 -894 0
2066 824 895 0
2066 -824 -895 0
2067 797 -896 0
2067 -797 896 0
2068 827 897 0
2068 -827 -897 0
2069 828 898 0
2069 -828 -898 0
2070 829 899 0
2070 -829 -899 0
2071 830 900 0
2071 -830 -900 0
2072 831 901 0
2072 -831 -901 0
2073 795 902 0
2073 -795 -902 0
2074 795 -903 0
2074 -795 903 0
2075 -797 -123 904 0
2075 797 -904 0
2075 123 -904 0
2076 839 -276 0
2076 -839 276 0
2077 839 -277 0
2077 -839 277 0
2078 840 -278 0
2078 -840 278 0
2079 840 -279 0
2079 -840 279 0
2080 795 -905 0
2080 -795 905 0
2081 795 906 0
2081 -795 -906 0
2082 -833 -845 -907 0
2082 833 907 0
2082 845 907 0
2083 832 908 0
2083 -832 -908 0
2084 833 909 0
2084 -833 -909 0
2085 -521 -848 -910 0
2085 521 910 0
2085 848 910 0
2086 -522 -850 -911 0
2086 522 911 0
2086 850 911 0
2087 -523 -852 -912 0
2087 523 912 0
2087 852 912 0
2088 -524 -854 -913 0
2088 524 913 0
2088 854 913 0
2089 -525 -856 -914 0
2089 525 914 0
2089 856 914 0
2090 -526 -858 -915 0
2090 526 915 0
2090 858 915 0
2091 -527 -860 -916 0
2091 527 916 0
2091 860 916 0
2092 -528 -862 -917 0
2092 528 917 0
2092 862 917 0
2093 -529 -864 -918 0
2093 529 918 0
2093 864 918 0
2094 -530 -866 -919 0
2094 530 919 0
2094 866 919 0
2095 -867 -814 -920 0
2095 867 920 0
2095 814 920 0
2096 -868 -869 -921 0
2096 868 921 0
2096 869 921 0
2097 -870 -871 -922 0
2097 870 922 0
2097 871 922 0
2098 -533 -875 -923 0
2098 533 923 0
2098 875 923 0
2099 -534 -877 -924 0
2099 534 924 0
2099 877 924 0
2100 -535 -879 -925 0
2100 535 925 0
2100 879 925 0
2101 -536 -881 -926 0
2101 536 926 0
2101 881 926 0
2102 -537 -883 -927 0
2102 537 927 0
2102 883 927 0
2103 -538 -885 -928 0
2103 538 928 0
2103 885 928 0
2104 801 -929 0
2104 -801 929 0
2105 802 -930 0
2105 -802 930 0
2106 804 -931 0
2106 -804 931 0
2107 803 -932 0
2107 -803 932 0
2108 806 -933 0
2108 -806 933 0
2109 805 -934 0
2109 -805 934 0
2110 825 935 0
2110 -825 -935 0
2111 -825 -826 -936 0
2111 825 936 0
2111 826 936 0
2112 801 -937 0
2112 -801 937 0
2113 804 -938 0
2113 -804 938 0
2114 803 -939 0
2114 -803 939 0
2115 806 -940 0
2115 -806 940 0
2116 805 -941 0
2116 -805 941 0
2117 797 942 0
2117 -797 -942 0
2118 801 -943 0
2118 -801 943 0
2119 802 -944 0
2119 -802 944 0
2120 801 -945 0
2120 -801 945 0
2121 802 -946 0
2121 -802 946 0
2122 -844 -843 -947 0
2122 844 947 0
2122 843 947 0
2123 -888 -889 -948 0
2123 888 948 0
2123 889 948 0
2124 -886 -887 -949 0
2124 886 949 0
2124 887 949 0
2125 -873 -872 -950 0
2125 873 950 0
2125 872 950 0
2126 890 709 -280 0
2126 -890 280 0
2126 -709 280 0
2127 -822 -892 -951 0
2127 822 951 0
2127 892 951 0
2128 -821 -893 -952 0
2128 821 952 0
2128 893 952 0
2129 -828 -897 -953 0
2129 828 953 0
2129 897 953 0
2130 -827 -898 -954 0
2130 827 954 0
2130 898 954 0
2131 715 904 -955 0
2131 -715 955 0
2131 -904 955 0
2132 -777 -909 -956 0
2132 777 956 0
2132 909 956 0
2133 841 957 0
2133 -841 -957 0
2134 842 958 0
2134 -842 -958 0
2135 838 -959 0
2135 -838 959 0
2136 838 -960 0
2136 -838 960 0
2137 -847 -910 -961 0
2137 847 961 0
2137 910 961 0
2138 -849 -911 -962 0
2138 849 962 0
2138 911 962 0
2139 -851 -912 -963 0
2139 851 963 0
2139 912 963 0
2140 -853 -913 -964 0
2140 853 964 0
2140 913 964 0
2141 -855 -914 -965 0
2141 855 965 0
2141 914 965 0
2142 -857 -915 -966 0
2142 857 966 0
2142 915 966 0
2143 -859 -916 -967 0
2143 859 967 0
2143 916 967 0
2144 -861 -917 -968 0
2144 861 968 0
2144 917 968 0
2145 -863 -918 -969 0
2145 863 969 0
2145 918 969 0
2146 -865 -919 -970 0
2146 865 970 0
2146 919 970 0
2147 -874 -923 -971 0
2147 874 971 0
2147 923 971 0
2148 -876 -924 -972 0
2148 876 972 0
2148 924 972 0
2149 -878 -925 -973 0
2149 878 973 0
2149 925 973 0
2150 -880 -926 -974 0
2150 880 974 0
2150 926 974 0
2151 -882 -927 -975 0
2151 882 975 0
2151 927 975 0
2152 -884 -928 -976 0
2152 884 976 0
2152 928 976 0
2153 -753 -935 -977 0
2153 753 977 0
2153 935 977 0
2154 891 -978 0
2154 -891 978 0
2155 -727 -902 979 0
2155 727 -979 0
2155 902 -979 0
2156 -686 -902 980 0
2156 686 -980 0
2156 902 -980 0
2157 -687 -902 981 0
2157 687 -981 0
2157 902 -981 0
2158 -730 -902 982 0
2158 730 -982 0
2158 902 -982 0
2159 -723 -903 983 0
2159 723 -983 0
2159 903 -983 0
2160 -724 -903 984 0
2160 724 -984 0
2160 903 -984 0
2161 -951 -952 -985 0
2161 951 985 0
2161 952 985 0
2162 929 986 0
2162 -929 -986 0
2163 -929 -894 -987 0
2163 929 987 0
2163 894 987 0
2164 -930 -895 -988 0
2164 930 988 0
2164 895 988 0
2165 930 989 0
2165 -930 -989 0
2166 896 990 0
2166 -896 -990 0
2167 -953 -954 -991 0
2167 953 991 0
2167 954 991 0
2168 937 992 0
2168 -937 -992 0
2169 -937 -899 -993 0
2169 937 993 0
2169 899 993 0
2170 943 994 0
2170 -943 -994 0
2171 -723 -905 995 0
2171 723 -995 0
2171 905 -995 0
2172 -724 -905 996 0
2172 724 -996 0
2172 905 -996 0
2173 -727 -906 997 0
2173 727 -997 0
2173 906 -997 0
2174 -686 -906 998 0
2174 686 -998 0
2174 906 -998 0
2175 -687 -906 999 0
2175 687 -999 0
2175 906 -999 0
2176 -730 -906 1000 0
2176 730 -1000 0
2176 906 -1000 0
2177 903 1001 0
2177 -903 -1001 0
2178 955 -281 0
2178 -955 281 0
2179 955 -282 0
2179 -955 282 0
2180 944 1002 0
2180 -944 -1002 0
2181 905 1003 0
2181 -905 -1003 0
2182 -956 -907 -1004 0
2182 956 1004 0
2182 907 1004 0
2183 945 1005 0
2183 -945 -1005 0
2184 946 1006 0
2184 -946 -1006 0
2185 891 -1007 0
2185 -891 1007 0
2186 947 1008 0
2186 -947 -1008 0
2187 -947 -846 -1009 0
2187 947 1009 0
2187 846 1009 0
2188 970 1010 0
2188 -970 -1010 0
2189 969 1011 0
2189 -969 -1011 0
2190 968 1012 0
2190 -968 -1012 0
2191 967 1013 0
2191 -967 -1013 0
2192 966 1014 0
2192 -966 -1014 0
2193 965 1015 0
2193 -965 -1015 0
2194 964 1016 0
2194 -964 -1016 0
2195 963 1017 0
2195 -963 -1017 0
2196 962 1018 0
2196 -962 -1018 0
2197 961 1019 0
2197 -961 -1019 0
2198 976 1020 0
2198 -976 -1020 0
2199 975 1021 0
2199 -975 -1021 0
2200 974 1022 0
2200 -974 -1022 0
2201 973 1023 0
2201 -973 -1023 0
2202 972 1024 0
2202 -972 -1024 0
2203 971 1025 0
2203 -971 -1025 0
2204 920 1026 0
2204 -920 -1026 0
2205 921 1027 0
2205 -921 -1027 0
2206 922 -1028 0
2206 -922 1028 0
2207 922 -1029 0
2207 -922 1029 0
2208 950 1030 0
2208 -950 -1030 0
2209 -950 -703 -1031 0
2209 950 1031 0
2209 703 1031 0
2210 931 1032 0
2210 -931 -1032 0
2211 932 1033 0
2211 -932 -1033 0
2212 933 1034 0
2212 -933 -1034 0
2213 934 1035 0
2213 -934 -1035 0
2214 938 1036 0
2214 -938 -1036 0
2215 939 1037 0
2215 -939 -1037 0
2216 940 1038 0
2216 -940 -1038 0
2217 941 1039 0
2217 -941 -1039 0
2218 -977 -936 -1040 0
2218 977 1040 0
2218 936 1040 0
2219 942 1041 0
2219 -942 -1041 0
2220 948 1042 0
2220 -948 -1042 0
2221 949 1043 0
2221 -949 -1043 0
2222 -842 -958 1044 0
2222 842 -1044 0
2222 958 -1044 0
2223 -841 -957 1045 0
2223 841 -1045 0
2223 957 -1045 0
2224 -823 -986 -1046 0
2224 823 1046 0
2224 986 1046 0
2225 -824 -989 -1047 0
2225 824 1047 0
2225 989 1047 0
2226 -829 -992 -1048 0
2226 829 1048 0
2226 992 1048 0
2227 959 -1049 0
2227 -959 1049 0
2228 959 -1050 0
2228 -959 1050 0
2229 1004 1051 0
2229 -1004 -1051 0
2230 -778 -1008 -1052 0
2230 778 1052 0
2230 1008 1052 0
2231 -1010 -1011 -1012 -1013 -1014 1053 0
2231 1010 -1053 0
2231 1011 -1053 0
2231 1012 -1053 0
2231 1013 -1053 0
2231 1014 -1053 0
2232 -1015 -1016 -1017 -1018 -1019 1054 0
2232 1015 -1054 0
2232 1016 -1054 0
2232 1017 -1054 0
2232 1018 -1054 0
2232 1019 -1054 0
2233 -772 -1020 1055 0
2233 772 -1055 0
2233 1020 -1055 0
2234 -1021 -1022 -1023 -1024 -1025 1056 0
2234 1021 -1056 0
2234 1022 -1056 0
2234 1023 -1056 0
2234 1024 -1056 0
2234 1025 -1056 0
2235 -669 -1030 -1057 0
2235 669 1057 0
2235 1030 1057 0
2236 960 -1058 0
2236 -960 1058 0
2237 960 -1059 0
2237 -960 1059 0
2238 -932 -1032 -1060 0
2238 932 1060 0
2238 1032 1060 0
2239 -931 -1033 -1061 0
2239 931 1061 0
2239 1033 1061 0
2240 -934 -1034 -1062 0
2240 934 1062 0
2240 1034 1062 0
2241 -933 -1035 -1063 0
2241 933 1063 0
2241 1035 1063 0
2242 -939 -1036 -1064 0
2242 939 1064 0
2242 1036 1064 0
2243 -938 -1037 -1065 0
2243 938 1065 0
2243 1037 1065 0
2244 -941 -1038 -1066 0
2244 941 1066 0
2244 1038 1066 0
2245 -940 -1039 -1067 0
2245 940 1067 0
2245 1039 1067 0
2246 -949 -1042 -1068 0
2246 949 1068 0
2246 1042 1068 0
2247 -948 -1043 -1069 0
2247 948 1069 0
2247 1043 1069 0
2248 1044 958 -1070 0
2248 -1044 1070 0
2248 -958 1070 0
2249 1045 957 -1071 0
2249 -1045 1071 0
2249 -957 1071 0
2250 -723 -1001 1072 0
2250 723 -1072 0
2250 1001 -1072 0
2251 -724 -1001 1073 0
2251 724 -1073 0
2251 1001 -1073 0
2252 -725 -1001 1074 0
2252 725 -1074 0
2252 1001 -1074 0
2253 -726 -1001 1075 0
2253 726 -1075 0
2253 1001 -1075 0
2254 985 1076 0
2254 -985 -1076 0
2255 -1046 -987 -1077 0
2255 1046 1077 0
2255 987 1077 0
2256 -988 -1047 -1078 0
2256 988 1078 0
2256 1047 1078 0
2257 991 1079 0
2257 -991 -1079 0
2258 -1048 -993 -1080 0
2258 1048 1080 0
2258 993 1080 0
2259 -723 -1003 1081 0
2259 723 -1081 0
2259 1003 -1081 0
2260 -724 -1003 1082 0
2260 724 -1082 0
2260 1003 -1082 0
2261 -725 -1003 1083 0
2261 725 -1083 0
2261 1003 -1083 0
2262 -726 -1003 1084 0
2262 726 -1084 0
2262 1003 -1084 0
2263 -1051 -10 1085 0
2263 1051 -1085 0
2263 10 -1085 0
2264 978 -1086 0
2264 -978 1086 0
2265 -1052 -1009 -1087 0
2265 1052 1087 0
2265 1009 1087 0
2266 -1053 -1054 1088 0
2266 1053 -1088 0
2266 1054 -1088 0
2267 -1055 -1056 1089 0
2267 1055 -1089 0
2267 1056 -1089 0
2268 1007 -1090 0
2268 -1007 1090 0
2269 1028 1091 0
2269 -1028 -1091 0
2270 1029 1092 0
2270 -1029 -1092 0
2271 -921 -920 -1028 1093 0
2271 921 -1093 0
2271 920 -1093 0
2271 1028 -1093 0
2272 -1027 -1026 -1029 1094 0
2272 1027 -1094 0
2272 1026 -1094 0
2272 1029 -1094 0
2273 -1057 -1031 -1095 0
2273 1057 1095 0
2273 1031 1095 0
2274 978 -1096 0
2274 -978 1096 0
2275 978 -1097 0
2275 -978 1097 0
2276 1007 -1098 0
2276 -1007 1098 0
2277 1007 -1099 0
2277 -1007 1099 0
2278 -1062 -1063 -1100 0
2278 1062 1100 0
2278 1063 1100 0
2279 -1060 -1061 -1101 0
2279 1060 1101 0
2279 1061 1101 0
2280 1040 1102 0
2280 -1040 -1102 0
2281 -1040 -1041 -1103 0
2281 1040 1103 0
2281 1041 1103 0
2282 -1066 -1067 -1104 0
2282 1066 1104 0
2282 1067 1104 0
2283 -1064 -1065 -1105 0
2283 1064 1105 0
2283 1065 1105 0
2284 -1068 -1069 -1106 0
2284 1068 1106 0
2284 1069 1106 0
2285 -1070 -1071 -283 0
2285 1070 283 0
2285 1071 283 0
2286 -979 -1049 1107 0
2286 979 -1107 0
2286 1049 -1107 0
2287 -980 -1049 1108 0
2287 980 -1108 0
2287 1049 -1108 0
2288 -981 -1049 1109 0
2288 981 -1109 0
2288 1049 -1109 0
2289 -982 -1049 1110 0
2289 982 -1110 0
2289 1049 -1110 0
2290 1072 983 -1111 0
2290 -1072 1111 0
2290 -983 1111 0
2291 1073 984 -1112 0
2291 -1073 1112 0
2291 -984 1112 0
2292 -1074 -462 1113 0
2292 1074 -1113 0
2292 462 -1113 0
2293 -1075 -462 1114 0
2293 1075 -1114 0
2293 462 -1114 0
2294 1081 995 -1115 0
2294 -1081 1115 0
2294 -995 1115 0
2295 1082 996 -1116 0
2295 -1082 1116 0
2295 -996 1116 0
2296 -1083 -471 1117 0
2296 1083 -1117 0
2296 471 -1117 0
2297 -1084 -471 1118 0
2297 1084 -1118 0
2297 471 -1118 0
2298 -997 -1050 1119 0
2298 997 -1119 0
2298 1050 -1119 0
2299 -998 -1050 1120 0
2299 998 -1120 0
2299 1050 -1120 0
2300 -999 -1050 1121 0
2300 999 -1121 0
2300 1050 -1121 0
2301 -1000 -1050 1122 0
2301 1000 -1122 0
2301 1050 -1122 0
2302 1085 -284 0
2302 -1085 284 0
2303 -1088 -1089 -541 1123 0
2303 1088 -1123 0
2303 1089 -1123 0
2303 541 -1123 0
2304 -1026 -921 -1091 1124 0
2304 1026 -1124 0
2304 921 -1124 0
2304 1091 -1124 0
2305 -920 -1027 -1092 1125 0
2305 920 -1125 0
2305 1027 -1125 0
2305 1092 -1125 0
2306 -942 -1102 -1126 0
2306 942 1126 0
2306 1102 1126 0
2307 1095 285 0
2307 -1095 -285 0
2308 1087 286 0
2308 -1087 -286 0
2309 1107 1127 0
2309 -1107 -1127 0
2310 1108 1128 0
2310 -1108 -1128 0
2311 1109 1129 0
2311 -1109 -1129 0
2312 1110 1130 0
2312 -1110 -1130 0
2313 -1111 -462 1131 0
2313 1111 -1131 0
2313 462 -1131 0
2314 -1112 -462 1132 0
2314 1112 -1132 0
2314 462 -1132 0
2315 1113 1133 0
2315 -1113 -1133 0
2316 1114 1134 0
2316 -1114 -1134 0
2317 1077 1135 0
2317 -1077 -1135 0
2318 1078 -1136 0
2318 -1078 1136 0
2319 1078 -1137 0
2319 -1078 1137 0
2320 1080 -1138 0
2320 -1080 1138 0
2321 1080 -1139 0
2321 -1080 1139 0
2322 -394 -1086 1140 0
2322 394 -1140 0
2322 1086 -1140 0
2323 -1115 -471 1141 0
2323 1115 -1141 0
2323 471 -1141 0
2324 -1116 -471 1142 0
2324 1116 -1142 0
2324 471 -1142 0
2325 1117 1143 0
2325 -1117 -1143 0
2326 1118 1144 0
2326 -1118 -1144 0
2327 1119 1145 0
2327 -1119 -1145 0
2328 1120 1146 0
2328 -1120 -1146 0
2329 1121 1147 0
2329 -1121 -1147 0
2330 1122 1148 0
2330 -1122 -1148 0
2331 1085 1149 0
2331 -1085 -1149 0
2332 -394 -1090 1150 0
2332 394 -1150 0
2332 1090 -1150 0
2333 1086 1151 0
2333 -1086 -1151 0
2334 -395 -1086 1152 0
2334 395 -1152 0
2334 1086 -1152 0
2335 -411 -1086 1153 0
2335 411 -1153 0
2335 1086 -1153 0
2336 -412 -1086 1154 0
2336 412 -1154 0
2336 1086 -1154 0
2337 1123 -287 0
2337 -1123 287 0
2338 1090 1155 0
2338 -1090 -1155 0
2339 -395 -1090 1156 0
2339 395 -1156 0
2339 1090 -1156 0
2340 -411 -1090 1157 0
2340 411 -1157 0
2340 1090 -1157 0
2341 -412 -1090 1158 0
2341 412 -1158 0
2341 1090 -1158 0
2342 1124 1093 1159 0
2342 -1124 -1159 0
2342 -1093 -1159 0
2343 1125 1094 1160 0
2343 -1125 -1160 0
2343 -1094 -1160 0
2344 1106 1161 0
2344 -1106 -1161 0
2345 1096 1162 0
2345 -1096 -1162 0
2346 -413 -1096 1163 0
2346 413 -1163 0
2346 1096 -1163 0
2347 -414 -1096 1164 0
2347 414 -1164 0
2347 1096 -1164 0
2348 -415 -1096 1165 0
2348 415 -1165 0
2348 1096 -1165 0
2349 -416 -1096 1166 0
2349 416 -1166 0
2349 1096 -1166 0
2350 -417 -1097 1167 0
2350 417 -1167 0
2350 1097 -1167 0
2351 -418 -1097 1168 0
2351 418 -1168 0
2351 1097 -1168 0
2352 -419 -1097 1169 0
2352 419 -1169 0
2352 1097 -1169 0
2353 -422 -1097 1170 0
2353 422 -1170 0
2353 1097 -1170 0
2354 1098 1171 0
2354 -1098 -1171 0
2355 -413 -1098 1172 0
2355 413 -1172 0
2355 1098 -1172 0
2356 -414 -1098 1173 0
2356 414 -1173 0
2356 1098 -1173 0
2357 -415 -1098 1174 0
2357 415 -1174 0
2357 1098 -1174 0
2358 -416 -1098 1175 0
2358 416 -1175 0
2358 1098 -1175 0
2359 -417 -1099 1176 0
2359 417 -1176 0
2359 1099 -1176 0
2360 -418 -1099 1177 0
2360 418 -1177 0
2360 1099 -1177 0
2361 -419 -1099 1178 0
2361 419 -1178 0
2361 1099 -1178 0
2362 -422 -1099 1179 0
2362 422 -1179 0
2362 1099 -1179 0
2363 1100 1180 0
2363 -1100 -1180 0
2364 1101 1181 0
2364 -1101 -1181 0
2365 1104 1182 0
2365 -1104 -1182 0
2366 1105 1183 0
2366 -1105 -1183 0
2367 -1103 -1126 -1184 0
2367 1103 1184 0
2367 1126 1184 0
2368 1123 288 0
2368 -1123 -288 0
2369 1131 1185 0
2369 -1131 -1185 0
2370 1132 1186 0
2370 -1132 -1186 0
2371 1141 1187 0
2371 -1141 -1187 0
2372 1142 1188 0
2372 -1142 -1188 0
2373 -1165 -510 1189 0
2373 1165 -1189 0
2373 510 -1189 0
2374 -1166 -510 1190 0
2374 1166 -1190 0
2374 510 -1190 0
2375 -1167 -1058 1191 0
2375 1167 -1191 0
2375 1058 -1191 0
2376 -1168 -1058 1192 0
2376 1168 -1192 0
2376 1058 -1192 0
2377 -1169 -1058 1193 0
2377 1169 -1193 0
2377 1058 -1193 0
2378 -1170 -1058 1194 0
2378 1170 -1194 0
2378 1058 -1194 0
2379 -1174 -511 1195 0
2379 1174 -1195 0
2379 511 -1195 0
2380 -1175 -511 1196 0
2380 1175 -1196 0
2380 511 -1196 0
2381 -1176 -1059 1197 0
2381 1176 -1197 0
2381 1059 -1197 0
2382 -1177 -1059 1198 0
2382 1177 -1198 0
2382 1059 -1198 0
2383 -1178 -1059 1199 0
2383 1178 -1199 0
2383 1059 -1199 0
2384 -1179 -1059 1200 0
2384 1179 -1200 0
2384 1059 -1200 0
2385 -1101 -1180 -1201 0
2385 1101 1201 0
2385 1180 1201 0
2386 -1100 -1181 -1202 0
2386 1100 1202 0
2386 1181 1202 0
2387 -1105 -1182 -1203 0
2387 1105 1203 0
2387 1182 1203 0
2388 -1104 -1183 -1204 0
2388 1104 1204 0
2388 1183 1204 0
2389 -1160 -1159 -1205 0
2389 1160 1205 0
2389 1159 1205 0
2390 1136 1206 0
2390 -1136 -1206 0
2391 1137 1207 0
2391 -1137 -1207 0
2392 1138 1208 0
2392 -1138 -1208 0
2393 1139 1209 0
2393 -1139 -1209 0
2394 -1077 -985 -1136 1210 0
2394 1077 -1210 0
2394 985 -1210 0
2394 1136 -1210 0
2395 -1135 -1076 -1137 1211 0
2395 1135 -1211 0
2395 1076 -1211 0
2395 1137 -1211 0
2396 -991 -896 -1138 1212 0
2396 991 -1212 0
2396 896 -1212 0
2396 1138 -1212 0
2397 -1079 -990 -1139 1213 0
2397 1079 -1213 0
2397 990 -1213 0
2397 1139 -1213 0
2398 -1184 -900 -1214 0
2398 1184 1214 0
2398 900 1214 0
2399 1184 1215 0
2399 -1184 -1215 0
2400 -419 -1151 1216 0
2400 419 -1216 0
2400 1151 -1216 0
2401 -419 -1155 1217 0
2401 419 -1217 0
2401 1155 -1217 0
2402 -422 -1151 1218 0
2402 422 -1218 0
2402 1151 -1218 0
2403 -423 -1151 1219 0
2403 423 -1219 0
2403 1151 -1219 0
2404 -424 -1151 1220 0
2404 424 -1220 0
2404 1151 -1220 0
2405 -422 -1155 1221 0
2405 422 -1221 0
2405 1155 -1221 0
2406 -423 -1155 1222 0
2406 423 -1222 0
2406 1155 -1222 0
2407 -424 -1155 1223 0
2407 424 -1223 0
2407 1155 -1223 0
2408 -425 -1162 1224 0
2408 425 -1224 0
2408 1162 -1224 0
2409 -426 -1162 1225 0
2409 426 -1225 0
2409 1162 -1225 0
2410 -425 -1171 1226 0
2410 425 -1226 0
2410 1171 -1226 0
2411 -426 -1171 1227 0
2411 426 -1227 0
2411 1171 -1227 0
2412 -1201 -1202 -1228 0
2412 1201 1228 0
2412 1202 1228 0
2413 -1203 -1204 -1229 0
2413 1203 1229 0
2413 1204 1229 0
2414 1130 -1230 0
2414 -1130 1230 0
2415 1129 -1231 0
2415 -1129 1231 0
2416 1128 -1232 0
2416 -1128 1232 0
2417 1127 -1233 0
2417 -1127 1233 0
2418 1134 -1234 0
2418 -1134 1234 0
2419 1133 -1235 0
2419 -1133 1235 0
2420 1148 -1236 0
2420 -1148 1236 0
2421 1147 -1237 0
2421 -1147 1237 0
2422 1146 -1238 0
2422 -1146 1238 0
2423 1145 -1239 0
2423 -1145 1239 0
2424 1144 -1240 0
2424 -1144 1240 0
2425 1143 -1241 0
2425 -1143 1241 0
2426 -1076 -1077 -1206 1242 0
2426 1076 -1242 0
2426 1077 -1242 0
2426 1206 -1242 0
2427 -985 -1135 -1207 1243 0
2427 985 -1243 0
2427 1135 -1243 0
2427 1207 -1243 0
2428 -990 -991 -1208 1244 0
2428 990 -1244 0
2428 991 -1244 0
2428 1208 -1244 0
2429 -896 -1079 -1209 1245 0
2429 896 -1245 0
2429 1079 -1245 0
2429 1209 -1245 0
2430 -830 -1215 -1246 0
2430 830 1246 0
2430 1215 1246 0
2431 1216 1140 -1247 0
2431 -1216 1247 0
2431 -1140 1247 0
2432 -1205 -1161 -1248 0
2432 1205 1248 0
2432 1161 1248 0
2433 -1194 -1130 1249 0
2433 1194 -1249 0
2433 1130 -1249 0
2434 -1193 -1129 1250 0
2434 1193 -1250 0
2434 1129 -1250 0
2435 -1192 -1128 1251 0
2435 1192 -1251 0
2435 1128 -1251 0
2436 -1127 -1191 1252 0
2436 1127 -1252 0
2436 1191 -1252 0
2437 -1190 -1134 1253 0
2437 1190 -1253 0
2437 1134 -1253 0
2438 -1189 -1133 1254 0
2438 1189 -1254 0
2438 1133 -1254 0
2439 1217 1150 -1255 0
2439 -1217 1255 0
2439 -1150 1255 0
2440 -1200 -1148 1256 0
2440 1200 -1256 0
2440 1148 -1256 0
2441 -1199 -1147 1257 0
2441 1199 -1257 0
2441 1147 -1257 0
2442 -1198 -1146 1258 0
2442 1198 -1258 0
2442 1146 -1258 0
2443 -1145 -1197 1259 0
2443 1145 -1259 0
2443 1197 -1259 0
2444 -1196 -1144 1260 0
2444 1196 -1260 0
2444 1144 -1260 0
2445 -1195 -1143 1261 0
2445 1195 -1261 0
2445 1143 -1261 0
2446 1218 1152 -1262 0
2446 -1218 1262 0
2446 -1152 1262 0
2447 1219 1153 -1263 0
2447 -1219 1263 0
2447 -1153 1263 0
2448 1220 1154 -1264 0
2448 -1220 1264 0
2448 -1154 1264 0
2449 1221 1156 -1265 0
2449 -1221 1265 0
2449 -1156 1265 0
2450 1222 1157 -1266 0
2450 -1222 1266 0
2450 -1157 1266 0
2451 1223 1158 -1267 0
2451 -1223 1267 0
2451 -1158 1267 0
2452 1205 1268 0
2452 -1205 -1268 0
2453 1224 1163 -1269 0
2453 -1224 1269 0
2453 -1163 1269 0
2454 1225 1164 -1270 0
2454 -1225 1270 0
2454 -1164 1270 0
2455 1226 1172 -1271 0
2455 -1226 1271 0
2455 -1172 1271 0
2456 1227 1173 -1272 0
2456 -1227 1272 0
2456 -1173 1272 0
2457 1194 -1273 0
2457 -1194 1273 0
2458 1193 -1274 0
2458 -1193 1274 0
2459 1192 -1275 0
2459 -1192 1275 0
2460 1191 -1276 0
2460 -1191 1276 0
2461 1190 -1277 0
2461 -1190 1277 0
2462 1189 -1278 0
2462 -1189 1278 0
2463 1186 -1279 0
2463 -1186 1279 0
2464 1185 -1280 0
2464 -1185 1280 0
2465 1200 -1281 0
2465 -1200 1281 0
2466 1199 -1282 0
2466 -1199 1282 0
2467 1198 -1283 0
2467 -1198 1283 0
2468 1197 -1284 0
2468 -1197 1284 0
2469 1196 -1285 0
2469 -1196 1285 0
2470 1195 -1286 0
2470 -1195 1286 0
2471 1188 -1287 0
2471 -1188 1287 0
2472 1187 -1288 0
2472 -1187 1288 0
2473 -1214 -1246 -1289 0
2473 1214 1289 0
2473 1246 1289 0
2474 1242 1210 1290 0
2474 -1242 -1290 0
2474 -1210 -1290 0
2475 1243 1211 1291 0
2475 -1243 -1291 0
2475 -1211 -1291 0
2476 1244 1212 1292 0
2476 -1244 -1292 0
2476 -1212 -1292 0
2477 1245 1213 1293 0
2477 -1245 -1293 0
2477 -1213 -1293 0
2478 1228 1294 0
2478 -1228 -1294 0
2479 1229 1295 0
2479 -1229 -1295 0
2480 -1247 -719 1296 0
2480 1247 -1296 0
2480 719 -1296 0
2481 -1106 -1268 -1297 0
2481 1106 1297 0
2481 1268 1297 0
2482 1230 1298 0
2482 -1230 -1298 0
2483 1231 1299 0
2483 -1231 -1299 0
2484 1232 1300 0
2484 -1232 -1300 0
2485 1233 1301 0
2485 -1233 -1301 0
2486 1234 1302 0
2486 -1234 -1302 0
2487 1235 1303 0
2487 -1235 -1303 0
2488 -1255 -719 1304 0
2488 1255 -1304 0
2488 719 -1304 0
2489 1236 1305 0
2489 -1236 -1305 0
2490 1237 1306 0
2490 -1237 -1306 0
2491 1238 1307 0
2491 -1238 -1307 0
2492 1239 1308 0
2492 -1239 -1308 0
2493 1240 1309 0
2493 -1240 -1309 0
2494 1241 1310 0
2494 -1241 -1310 0
2495 -1269 -510 1311 0
2495 1269 -1311 0
2495 510 -1311 0
2496 -1270 -510 1312 0
2496 1270 -1312 0
2496 510 -1312 0
2497 -1271 -511 1313 0
2497 1271 -1313 0
2497 511 -1313 0
2498 -1272 -511 1314 0
2498 1272 -1314 0
2498 511 -1314 0
2499 -1289 -387 1315 0
2499 1289 -1315 0
2499 387 -1315 0
2500 -1263 -801 1316 0
2500 1263 -1316 0
2500 801 -1316 0
2501 -1262 -720 1317 0
2501 1262 -1317 0
2501 720 -1317 0
2502 -1297 -1248 -1318 0
2502 1297 1318 0
2502 1248 1318 0
2503 1273 1319 0
2503 -1273 -1319 0
2504 -1273 -1298 -1320 0
2504 1273 1320 0
2504 1298 1320 0
2505 1274 1321 0
2505 -1274 -1321 0
2506 -1274 -1299 -1322 0
2506 1274 1322 0
2506 1299 1322 0
2507 1275 1323 0
2507 -1275 -1323 0
2508 -1275 -1300 -1324 0
2508 1275 1324 0
2508 1300 1324 0
2509 1276 1325 0
2509 -1276 -1325 0
2510 -1276 -1301 -1326 0
2510 1276 1326 0
2510 1301 1326 0
2511 1277 1327 0
2511 -1277 -1327 0
2512 -1277 -1302 -1328 0
2512 1277 1328 0
2512 1302 1328 0
2513 1278 1329 0
2513 -1278 -1329 0
2514 -1278 -1303 -1330 0
2514 1278 1330 0
2514 1303 1330 0
2515 1279 1331 0
2515 -1279 -1331 0
2516 1280 1332 0
2516 -1280 -1332 0
2517 -1264 -802 1333 0
2517 1264 -1333 0
2517 802 -1333 0
2518 -1266 -801 1334 0
2518 1266 -1334 0
2518 801 -1334 0
2519 -1265 -720 1335 0
2519 1265 -1335 0
2519 720 -1335 0
2520 1281 1336 0
2520 -1281 -1336 0
2521 -1281 -1305 -1337 0
2521 1281 1337 0
2521 1305 1337 0
2522 1282 1338 0
2522 -1282 -1338 0
2523 -1282 -1306 -1339 0
2523 1282 1339 0
2523 1306 1339 0
2524 1283 1340 0
2524 -1283 -1340 0
2525 -1283 -1307 -1341 0
2525 1283 1341 0
2525 1307 1341 0
2526 1284 1342 0
2526 -1284 -1342 0
2527 -1284 -1308 -1343 0
2527 1284 1343 0
2527 1308 1343 0
2528 1285 1344 0
2528 -1285 -1344 0
2529 -1285 -1309 -1345 0
2529 1285 1345 0
2529 1309 1345 0
2530 1286 1346 0
2530 -1286 -1346 0
2531 -1286 -1310 -1347 0
2531 1286 1347 0
2531 1310 1347 0
2532 1287 1348 0
2532 -1287 -1348 0
2533 1288 1349 0
2533 -1288 -1349 0
2534 -1267 -802 1350 0
2534 1267 -1350 0
2534 802 -1350 0
2535 -1291 -1290 -1351 0
2535 1291 1351 0
2535 1290 1351 0
2536 -1293 -1292 -1352 0
2536 1293 1352 0
2536 1292 1352 0
2537 1263 -1353 0
2537 -1263 1353 0
2538 1262 -1354 0
2538 -1262 1354 0
2539 1264 -1355 0
2539 -1264 1355 0
2540 1266 -1356 0
2540 -1266 1356 0
2541 1265 -1357 0
2541 -1265 1357 0
2542 1267 -1358 0
2542 -1267 1358 0
2543 1315 708 -289 0
2543 -1315 289 0
2543 -708 289 0
2544 1318 1359 0
2544 -1318 -1359 0
2545 -1230 -1319 -1360 0
2545 1230 1360 0
2545 1319 1360 0
2546 -1231 -1321 -1361 0
2546 1231 1361 0
2546 1321 1361 0
2547 -1232 -1323 -1362 0
2547 1232 1362 0
2547 1323 1362 0
2548 -1233 -1325 -1363 0
2548 1233 1363 0
2548 1325 1363 0
2549 -1234 -1327 -1364 0
2549 1234 1364 0
2549 1327 1364 0
2550 -1235 -1329 -1365 0
2550 1235 1365 0
2550 1329 1365 0
2551 -1312 -1186 1366 0
2551 1312 -1366 0
2551 1186 -1366 0
2552 -1311 -1185 1367 0
2552 1311 -1367 0
2552 1185 -1367 0
2553 -1236 -1336 -1368 0
2553 1236 1368 0
2553 1336 1368 0
2554 -1237 -1338 -1369 0
2554 1237 1369 0
2554 1338 1369 0
2555 -1238 -1340 -1370 0
2555 1238 1370 0
2555 1340 1370 0
2556 -1239 -1342 -1371 0
2556 1239 1371 0
2556 1342 1371 0
2557 -1240 -1344 -1372 0
2557 1240 1372 0
2557 1344 1372 0
2558 -1241 -1346 -1373 0
2558 1241 1373 0
2558 1346 1373 0
2559 -1314 -1188 1374 0
2559 1314 -1374 0
2559 1188 -1374 0
2560 -1313 -1187 1375 0
2560 1313 -1375 0
2560 1187 -1375 0
2561 1312 -1376 0
2561 -1312 1376 0
2562 1311 -1377 0
2562 -1311 1377 0
2563 1314 -1378 0
2563 -1314 1378 0
2564 1313 -1379 0
2564 -1313 1379 0
2565 1351 1380 0
2565 -1351 -1380 0
2566 -1351 -1294 -1381 0
2566 1351 1381 0
2566 1294 1381 0
2567 1352 1382 0
2567 -1352 -1382 0
2568 -1352 -1295 -1383 0
2568 1352 1383 0
2568 1295 1383 0
2569 1353 1384 0
2569 -1353 -1384 0
2570 -1353 -994 -1385 0
2570 1353 1385 0
2570 994 1385 0
2571 -1354 -901 -1386 0
2571 1354 1386 0
2571 901 1386 0
2572 1354 1387 0
2572 -1354 -1387 0
2573 -1359 -449 1388 0
2573 1359 -1388 0
2573 449 -1388 0
2574 -1360 -1320 -1389 0
2574 1360 1389 0
2574 1320 1389 0
2575 -1361 -1322 -1390 0
2575 1361 1390 0
2575 1322 1390 0
2576 -1362 -1324 -1391 0
2576 1362 1391 0
2576 1324 1391 0
2577 -1363 -1326 -1392 0
2577 1363 1392 0
2577 1326 1392 0
2578 -1364 -1328 -1393 0
2578 1364 1393 0
2578 1328 1393 0
2579 -1365 -1330 -1394 0
2579 1365 1394 0
2579 1330 1394 0
2580 1355 1395 0
2580 -1355 -1395 0
2581 -1355 -1002 -1396 0
2581 1355 1396 0
2581 1002 1396 0
2582 1356 1397 0
2582 -1356 -1397 0
2583 -1356 -1005 -1398 0
2583 1356 1398 0
2583 1005 1398 0
2584 -1357 -908 -1399 0
2584 1357 1399 0
2584 908 1399 0
2585 1357 1400 0
2585 -1357 -1400 0
2586 -1368 -1337 -1401 0
2586 1368 1401 0
2586 1337 1401 0
2587 -1369 -1339 -1402 0
2587 1369 1402 0
2587 1339 1402 0
2588 -1370 -1341 -1403 0
2588 1370 1403 0
2588 1341 1403 0
2589 -1371 -1343 -1404 0
2589 1371 1404 0
2589 1343 1404 0
2590 -1372 -1345 -1405 0
2590 1372 1405 0
2590 1345 1405 0
2591 -1373 -1347 -1406 0
2591 1373 1406 0
2591 1347 1406 0
2592 1358 1407 0
2592 -1358 -1407 0
2593 -1358 -1006 -1408 0
2593 1358 1408 0
2593 1006 1408 0
2594 -1228 -1380 -1409 0
2594 1228 1409 0
2594 1380 1409 0
2595 -1229 -1382 -1410 0
2595 1229 1410 0
2595 1382 1410 0
2596 -943 -1384 -1411 0
2596 943 1411 0
2596 1384 1411 0
2597 -831 -1387 -1412 0
2597 831 1412 0
2597 1387 1412 0
2598 1388 -290 0
2598 -1388 290 0
2599 1376 1413 0
2599 -1376 -1413 0
2600 -1376 -1331 -1414 0
2600 1376 1414 0
2600 1331 1414 0
2601 1377 1415 0
2601 -1377 -1415 0
2602 -1377 -1332 -1416 0
2602 1377 1416 0
2602 1332 1416 0
2603 -944 -1395 -1417 0
2603 944 1417 0
2603 1395 1417 0
2604 -945 -1397 -1418 0
2604 945 1418 0
2604 1397 1418 0
2605 -832 -1400 -1419 0
2605 832 1419 0
2605 1400 1419 0
2606 1378 1420 0
2606 -1378 -1420 0
2607 -1378 -1348 -1421 0
2607 1378 1421 0
2607 1348 1421 0
2608 1379 1422 0
2608 -1379 -1422 0
2609 -1379 -1349 -1423 0
2609 1379 1423 0
2609 1349 1423 0
2610 -946 -1407 -1424 0
2610 946 1424 0
2610 1407 1424 0
2611 -1409 -1381 -1425 0
2611 1409 1425 0
2611 1381 1425 0
2612 -1410 -1383 -1426 0
2612 1410 1426 0
2612 1383 1426 0
2613 -1411 -1385 -1427 0
2613 1411 1427 0
2613 1385 1427 0
2614 -1412 -1386 -1428 0
2614 1412 1428 0
2614 1386 1428 0
2615 1388 1429 0
2615 -1388 -1429 0
2616 -1279 -1413 -1430 0
2616 1279 1430 0
2616 1413 1430 0
2617 -1280 -1415 -1431 0
2617 1280 1431 0
2617 1415 1431 0
2618 -1417 -1396 -1432 0
2618 1417 1432 0
2618 1396 1432 0
2619 -1390 -1392 -1391 -1389 1433 0
2619 1390 -1433 0
2619 1392 -1433 0
2619 1391 -1433 0
2619 1389 -1433 0
2620 -1389 -1250 1434 0
2620 1389 -1434 0
2620 1250 -1434 0
2621 -1390 -1389 -1251 1435 0
2621 1390 -1435 0
2621 1389 -1435 0
2621 1251 -1435 0
2622 -1391 -1389 -1252 -1390 1436 0
2622 1391 -1436 0
2622 1389 -1436 0
2622 1252 -1436 0
2622 1390 -1436 0
2623 -1393 -1254 1437 0
2623 1393 -1437 0
2623 1254 -1437 0
2624 -1394 -1393 -1366 1438 0
2624 1394 -1438 0
2624 1393 -1438 0
2624 1366 -1438 0
2625 -1418 -1398 -1439 0
2625 1418 1439 0
2625 1398 1439 0
2626 -1419 -1399 -1440 0
2626 1419 1440 0
2626 1399 1440 0
2627 -1287 -1420 -1441 0
2627 1287 1441 0
2627 1420 1441 0
2628 -1288 -1422 -1442 0
2628 1288 1442 0
2628 1422 1442 0
2629 -1424 -1408 -1443 0
2629 1424 1443 0
2629 1408 1443 0
2630 -1402 -1404 -1403 -1401 1444 0
2630 1402 -1444 0
2630 1404 -1444 0
2630 1403 -1444 0
2630 1401 -1444 0
2631 -1401 -1257 1445 0
2631 1401 -1445 0
2631 1257 -1445 0
2632 -1402 -1401 -1258 1446 0
2632 1402 -1446 0
2632 1401 -1446 0
2632 1258 -1446 0
2633 -1403 -1401 -1259 -1402 1447 0
2633 1403 -1447 0
2633 1401 -1447 0
2633 1259 -1447 0
2633 1402 -1447 0
2634 -1405 -1261 1448 0
2634 1405 -1448 0
2634 1261 -1448 0
2635 -1406 -1405 -1374 1449 0
2635 1406 -1449 0
2635 1405 -1449 0
2635 1374 -1449 0
2636 1425 1450 0
2636 -1425 -1450 0
2637 -1426 -123 1451 0
2637 1426 -1451 0
2637 123 -1451 0
2638 -1430 -1414 -1452 0
2638 1430 1452 0
2638 1414 1452 0
2639 -1431 -1416 -1453 0
2639 1431 1453 0
2639 1416 1453 0
2640 1433 1454 0
2640 -1433 -1454 0
2641 1249 1434 1435 1436 -1455 0
2641 -1249 1455 0
2641 -1434 1455 0
2641 -1435 1455 0
2641 -1436 1455 0
2642 -1441 -1421 -1456 0
2642 1441 1456 0
2642 1421 1456 0
2643 -1442 -1423 -1457 0
2643 1442 1457 0
2643 1423 1457 0
2644 1444 1458 0
2644 -1444 -1458 0
2645 1256 1445 1446 1447 -1459 0
2645 -1256 1459 0
2645 -1445 1459 0
2645 -1446 1459 0
2645 -1447 1459 0
2646 -1427 -1317 1460 0
2646 1427 -1460 0
2646 1317 -1460 0
2647 -1428 -1427 -1296 1461 0
2647 1428 -1461 0
2647 1427 -1461 0
2647 1296 -1461 0
2648 798 1451 -1462 0
2648 -798 1462 0
2648 -1451 1462 0
2649 -1450 -449 1463 0
2649 1450 -1463 0
2649 449 -1463 0
2650 -1439 -1335 1464 0
2650 1439 -1464 0
2650 1335 -1464 0
2651 -1440 -1439 -1304 1465 0
2651 1440 -1465 0
2651 1439 -1465 0
2651 1304 -1465 0
2652 1316 1460 1461 -1466 0
2652 -1316 1466 0
2652 -1460 1466 0
2652 -1461 1466 0
2653 1462 -291 0
2653 -1462 291 0
2654 1462 -292 0
2654 -1462 292 0
2655 1455 1467 0
2655 -1455 -1467 0
2656 -1394 -1432 -1452 -1393 -1453 1468 0
2656 1394 -1468 0
2656 1432 -1468 0
2656 1452 -1468 0
2656 1393 -1468 0
2656 1453 -1468 0
2657 -1452 -1393 -1367 -1394 1469 0
2657 1452 -1469 0
2657 1393 -1469 0
2657 1367 -1469 0
2657 1394 -1469 0
2658 -1453 -1452 -1393 -1333 -1394 1470 0
2658 1453 -1470 0
2658 1452 -1470 0
2658 1393 -1470 0
2658 1333 -1470 0
2658 1394 -1470 0
2659 1463 -293 0
2659 -1463 293 0
2660 1334 1464 1465 -1471 0
2660 -1334 1471 0
2660 -1464 1471 0
2660 -1465 1471 0
2661 1459 1472 0
2661 -1459 -1472 0
2662 -1406 -1443 -1456 -1405 -1457 1473 0
2662 1406 -1473 0
2662 1443 -1473 0
2662 1456 -1473 0
2662 1405 -1473 0
2662 1457 -1473 0
2663 -1456 -1405 -1375 -1406 1474 0
2663 1456 -1474 0
2663 1405 -1474 0
2663 1375 -1474 0
2663 1406 -1474 0
2664 -1457 -1456 -1405 -1350 -1406 1475 0
2664 1457 -1475 0
2664 1456 -1475 0
2664 1405 -1475 0
2664 1350 -1475 0
2664 1406 -1475 0
2665 1253 1437 1438 1469 1470 -1476 0
2665 -1253 1476 0
2665 -1437 1476 0
2665 -1438 1476 0
2665 -1469 1476 0
2665 -1470 1476 0
2666 -1468 -1466 1477 0
2666 1468 -1477 0
2666 1466 -1477 0
2667 -1467 -1454 -1478 0
2667 1467 1478 0
2667 1454 1478 0
2668 1463 1479 0
2668 -1463 -1479 0
2669 1260 1448 1449 1474 1475 -1480 0
2669 -1260 1480 0
2669 -1448 1480 0
2669 -1449 1480 0
2669 -1474 1480 0
2669 -1475 1480 0
2670 -1473 -1471 1481 0
2670 1473 -1481 0
2670 1471 -1481 0
2671 -1472 -1458 -1482 0
2671 1472 1482 0
2671 1458 1482 0
2672 1476 1477 -1483 0
2672 -1476 1483 0
2672 -1477 1483 0
2673 -1429 -1479 -1095 1484 0
2673 1429 -1484 0
2673 1479 -1484 0
2673 1095 -1484 0
2674 1480 1481 -1485 0
2674 -1480 1485 0
2674 -1481 1485 0
2675 1483 1486 0
2675 -1483 -1486 0
2676 -1478 -1483 1487 0
2676 1478 -1487 0
2676 1483 -1487 0
2677 1485 1488 0
2677 -1485 -1488 0
2678 -1482 -1485 1489 0
2678 1482 -1489 0
2678 1485 -1489 0
2679 -1455 -1486 1490 0
2679 1455 -1490 0
2679 1486 -1490 0
2680 -1459 -1488 1491 0
2680 1459 -1491 0
2680 1488 -1491 0
2681 1490 1487 -1492 0
2681 -1490 1492 0
2681 -1487 1492 0
2682 1491 1489 -1493 0
2682 -1491 1493 0
2682 -1489 1493 0
2683 1493 -294 0
2683 -1493 294 0
2684 -1493 -1492 -1494 0
2684 1493 1494 0
2684 1492 1494 0
2685 -1493 -1494 1495 0
2685 1493 -1495 0
2685 1494 -1495 0
2686 -1494 -1492 1496 0
2686 1494 -1496 0
2686 1492 -1496 0
2687 1495 1496 -1497 0
2687 -1495 1497 0
2687 -1496 1497 0
2688 1497 1498 0
2688 -1497 -1498 0
2689 -1497 -1498 1499 0
2689 1497 -1499 0
2689 1498 -1499 0
2690 1499 1498 -1500 0
2690 -1499 1500 0
2690 -1498 1500 0
2691 1500 295 0
2691 -1500 -295 0
2692 -1087 -1149 -1500 1501 0
2692 1087 -1501 0
2692 1149 -1501 0
2692 1500 -1501 0
2693 -1484 -1501 -670 1502 0
2693 1484 -1502 0
2693 1501 -1502 0
2693 670 -1502 0
2694 1502 -296 0
2694 -1502 296 0
2695 1502 297 0
2695 -1502 -297 0
2696 158 -298 0
2696 -158 298 0
2697 159 -299 0
2697 -159 299 0
2698 160 -300 0
2698 -160 300 0
2699 161 -301 0
2699 -161 301 0
2700 162 -302 0
2700 -162 302 0
2701 163 -303 0
2701 -163 303 0
2702 164 -304 0
2702 -164 304 0
2703 165 -305 0
2703 -165 305 0
2704 166 -306 0
2704 -166 306 0
2705 167 -307 0
2705 -167 307 0
2706 168 -308 0
2706 -168 308 0
2707 169 -309 0
2707 -169 309 0
2708 170 -310 0
2708 -170 310 0
2709 171 -311 0
2709 -171 311 0
2710 172 -312 0
2710 -172 312 0
2711 173 -313 0
2711 -173 313 0
2712 174 -314 0
2712 -174 314 0
2713 175 -315 0
2713 -175 315 0
2714 176 -316 0
2714 -176 316 0
2715 177 -317 0
2715 -177 317 0
2716 178 -318 0
2716 -178 318 0
2717 179 -319 0
2717 -179 319 0
2718 180 -320 0
2718 -180 320 0
2719 181 -321 0
2719 -181 321 0
2720 182 -322 0
2720 -182 322 0
2721 183 -323 0
2721 -183 323 0
2722 184 -324 0
2722 -184 324 0
2723 185 -325 0
2723 -185 325 0
2724 186 -326 0
2724 -186 326 0
2725 187 -327 0
2725 -187 327 0
2726 188 -328 0
2726 -188 328 0
2727 189 -329 0
2727 -189 329 0
2728 190 -330 0
2728 -190 330 0
2729 191 -331 0
2729 -191 331 0
2730 192 -332 0
2730 -192 332 0
2731 193 -333 0
2731 -193 333 0
2732 194 -334 0
2732 -194 334 0
2733 195 -335 0
2733 -195 335 0
2734 196 -336 0
2734 -196 336 0
2735 197 -337 0
2735 -197 337 0
2736 198 -338 0
2736 -198 338 0
2737 199 -339 0
2737 -199 339 0
2738 200 -340 0
2738 -200 340 0
2739 201 -341 0
2739 -201 341 0
2740 202 -342 0
2740 -202 342 0
2741 203 -343 0
2741 -203 343 0
2742 204 -344 0
2742 -204 344 0
2743 205 -345 0
2743 -205 345 0
2744 206 -346 0
2744 -206 346 0
2745 207 -347 0
2745 -207 347 0
2746 208 -348 0
2746 -208 348 0
2747 209 -349 0
2747 -209 349 0
2748 210 -350 0
2748 -210 350 0
2749 211 -351 0
2749 -211 351 0
2750 212 -352 0
2750 -212 352 0
2751 213 -353 0
2751 -213 353 0
2752 214 -354 0
2752 -214 354 0
2753 215 -355 0
2753 -215 355 0
2754 216 -356 0
2754 -216 356 0
2755 217 -357 0
2755 -217 357 0
2756 218 -358 0
2756 -218 358 0
2757 219 -359 0
2757 -219 359 0
2758 220 -360 0
2758 -220 360 0
2759 221 -361 0
2759 -221 361 0
2760 222 -362 0
2760 -222 362 0
2761 223 -363 0
2761 -223 363 0
2762 224 -364 0
2762 -224 364 0
2763 225 -365 0
2763 -225 365 0
2764 226 -366 0
2764 -226 366 0
2765 227 -367 0
2765 -227 367 0
2766 228 -368 0
2766 -228 368 0
2767 229 -369 0
2767 -229 369 0
2768 230 -370 0
2768 -230 370 0
2769 231 -371 0
2769 -231 371 0
2770 232 -372 0
2770 -232 372 0
2771 233 -373 0
2771 -233 373 0
-2517 -2518 -2519 -2534 -1606 -2551 -1607 -2552 -2559 -2560 -2573 -1612 -2620 -2623 -2631 -2634 -2637 -2646 -2649 -2650 -2666 -2670 -2676 -2678 -2679 -2680 -2685 -2686 -2689 -1621 -1636 -1691 -1692 -1739 -1526 -1758 -1759 -1760 -1793 -1794 -1795 -1796 -1797 -1798 -1799 -1800 -1801 -1805 -1806 -1807 -1808 -1809 -1810 -1811 -1812 -1534 -1824 -1863 -1864 -1865 -1876 -1877 -1878 -1892 -1896 -1897 -1898 -1899 -1900 -1901 -1506 -1902 -1903 -1904 -1906 -1907 -1908 -1909 -1910 -1911 -1912 -1913 -1969 -1970 -1971 -1978 -1979 -1980 -1981 -1555 -2061 -2075 -2155 -2156 -2157 -2158 -2159 -2160 -2171 -2172 -2173 -2174 -2175 -2176 -2222 -2223 -2233 -2250 -2251 -2252 -2253 -2259 -2260 -2261 -2262 -2263 -2266 -2267 -2286 -2287 -2288 -2289 -2292 -2293 -2296 -2297 -2298 -2299 -2300 -2301 -2313 -2314 -2322 -2323 -2324 -2332 -2334 -2335 -2336 -2339 -2340 -2341 -2346 -2347 -2348 -2349 -2350 -2351 -2352 -2353 -2355 -2356 -2357 -2358 -2359 -2360 -2361 -2362 -2373 -2374 -2375 -2376 -2377 -2378 -2379 -2380 -2381 -2382 -2383 -2384 -2400 -2401 -2402 -2403 -2404 -2405 -2406 -2407 -2408 -2409 -2410 -2411 -2433 -2434 -2435 -2436 -2437 -2438 -2440 -2441 -2442 -2443 -2444 -2445 -2480 -2488 -2495 -2496 -2497 -2498 -2499 -2500 -2501 -2621 -2624 -2632 -2635 -1616 -2647 -2651 -1617 -1618 -1619 -2673 -1620 -2692 -2693 -1625 -1626 -1627 -1628 -1629 -1632 -1633 -1634 -1635 -1648 -1649 -1650 -1651 -1652 -1716 -1717 -1718 -1719 -1720 -1721 -1524 -1722 -1723 -1724 -1725 -1726 -1727 -1728 -1729 -1730 -1731 -1732 -1733 -1734 -1735 -1736 -1737 -1738 -1740 -1741 -1742 -1743 -1744 -1745 -1746 -1747 -1748 -1749 -1750 -1751 -1752 -1753 -1754 -1755 -1756 -1757 -1778 -1779 -1780 -1781 -1782 -1783 -1784 -1785 -1786 -1787 -1788 -1789 -1790 -1791 -1792 -1852 -1853 -1894 -1895 -1941 -1942 -1946 -1947 -1966 -1982 -1983 -1990 -1991 -2009 -2271 -2272 -2303 -2304 -2305 -2394 -2395 -2396 -2397 -2426 -2427 -2428 -2429 -2619 -2622 -2630 -2633 -2657 -2663 -1514 -1535 -1536 -1872 -1873 -2656 -2658 -2662 -2664 -2231 -2232 -2234 -1503 -1512 -2537 -2538 -2539 -2540 -2541 -2542 -2561 -2562 -2563 -2564 -2598 -1513 -1613 -2653 -2654 -2659 -2683 -2694 -2696 -2697 -2698 -2699 -2700 -2701 -1622 -2702 -2703 -2704 -2705 -2706 -2707 -2708 -2709 -2710 -2711 -2712 -2713 -2714 -2715 -2716 -2717 -2718 -2719 -2720 -2721 -2722 -2723 -2724 -2725 -2726 -2727 -2728 -2729 -2730 -2731 -2732 -2733 -2734 -2735 -2736 -2737 -2738 -2739 -2740 -2741 -2742 -2743 -2744 -2745 -2746 -2747 -2748 -2749 -2750 -2751 -2752 -2753 -2754 -2755 -2756 -2757 -2758 -2759 -2760 -2761 -2762 -2763 -2764 -2765 -2766 -2767 -2768 -2769 -2770 -2771 -1661 -1662 -1672 -1673 -1674 -1675 -1676 -1677 -1678 -1679 -1680 -1681 -1684 -1685 -1686 -1687 -1688 -1689 -1693 -1504 -1525 -1527 -1528 -1766 -1767 -1529 -1530 -1531 -1505 -1845 -1850 -1851 -1537 -1856 -1857 -1538 -1874 -1882 -1883 -1884 -1885 -1886 -1887 -1888 -1891 -1541 -1542 -1914 -1918 -1919 -1920 -1921 -1922 -1923 -1924 -1925 -1926 -1930 -1931 -1932 -1933 -1934 -1935 -1936 -1550 -1551 -1992 -1993 -1994 -1998 -1999 -2000 -2001 -1552 -2002 -2003 -1553 -2067 -2074 -2076 -2077 -2078 -2079 -2080 -1508 -2104 -2105 -2106 -2107 -2108 -2109 -2112 -2113 -2114 -2115 -2116 -2118 -2119 -2120 -2121 -1565 -2135 -2136 -1566 -2154 -2178 -2179 -2185 -1509 -2206 -2207 -2227 -2228 -2236 -2237 -1576 -1577 -1578 -2264 -2268 -1579 -2274 -2275 -2276 -2277 -1580 -1581 -1582 -2302 -1583 -2318 -2319 -2320 -2321 -1584 -1585 -2337 -1586 -1587 -1588 -1589 -1590 -1591 -1511 -1592 -1593 -2414 -2415 -2416 -2417 -2418 -2419 -2420 -2421 -2422 -2423 -2424 -2425 -1597 -2457 -2458 -2459 -2460 -2461 -2462 -2463 -2464 -2465 -2466 -2467 -2468 -2469 -2470 -2471 -2472 -1602 -2502 -2504 -2506 -2508 -2510 -1603 -2512 -2514 -2521 -1604 -2523 -2525 -2527 -2529 -2531 -1605 -2535 -2536 -2545 -2546 -2547 -2548 -2549 -2550 -2553 -2554 -2555 -2556 -2557 -2558 -2566 -2568 -2570 -2571 -1609 -2574 -2575 -2576 -2577 -2578 -2579 -2581 -2583 -2584 -2586 -2587 -2588 -2589 -2590 -2591 -2593 -2594 -2595 -2596 -2597 -2600 -2602 -2603 -2604 -2605 -2607 -2609 -2610 -2611 -2612 -2613 -2614 -2616 -2617 -2618 -2625 -2626 -2627 -2628 -2629 -2638 -2639 -2642 -2643 -2667 -2671 -2684 -1637 -1638 -1639 -1641 -1656 -1671 -1695 -1696 -1697 -1698 -1699 -1700 -1701 -1702 -1703 -1704 -1705 -1706 -1707 -1708 -1709 -1710 -1711 -1712 -1763 -1764 -1765 -1802 -1803 -1804 -1819 -1821 -1822 -1823 -1860 -1889 -1890 -1915 -1916 -1917 -1948 -1949 -1968 -1985 -2004 -2018 -2020 -2022 -2024 -2026 -2028 -2030 -2032 -2034 -2036 -2038 -2039 -2040 -2041 -2042 -2045 -2047 -2049 -2051 -2053 -2055 -2057 -2058 -2059 -2060 -2082 -2085 -2086 -2087 -2088 -2089 -2090 -2091 -2092 -2093 -2094 -2095 -2096 -2097 -2098 -2099 -2100 -2101 -2102 -2103 -2111 -2122 -2123 -2124 -2125 -2127 -2128 -2129 -2130 -2132 -2137 -2138 -2139 -2140 -2141 -2142 -2143 -2144 -2145 -2146 -2147 -2148 -2149 -2150 -2151 -2152 -2153 -2161 -2163 -2164 -2167 -2169 -2182 -2187 -2209 -2218 -2224 -2225 -2226 -2230 -2235 -2238 -2239 -2240 -2241 -2242 -2243 -2244 -2245 -2246 -2247 -2255 -2256 -2258 -2265 -2273 -2278 -2279 -2281 -2282 -2283 -2284 -2285 -2306 -2367 -2385 -2386 -2387 -2388 -2389 -2398 -2412 -2413 -2430 -2432 -1598 -1599 -2473 -2481 -1600 -1601 -1939 -1940 -2014 -2015 -2043 -2044 -2342 -2343 -2474 -2475 -2476 -2477 -2503 -2505 -2507 -2509 -2511 -2513 -2515 -2516 -2520 -2522 -2524 -2526 -2528 -2530 -2532 -2533 -2544 -1608 -2565 -2567 -2569 -2572 -2580 -1610 -2582 -2585 -1611 -2592 -2599 -2601 -2606 -2608 -2615 -1614 -1615 -2636 -2640 -2644 -2655 -2661 -2668 -2675 -2677 -2688 -2691 -2695 -1623 -1624 -1630 -1631 -1515 -1640 -1516 -1642 -1643 -1644 -1645 -1646 -1647 -1517 -1653 -1654 -1655 -1657 -1658 -1659 -1660 -1518 -1663 -1664 -1665 -1666 -1667 -1668 -1669 -1670 -1519 -1520 -1682 -1683 -1690 -1521 -1522 -1523 -1713 -1714 -1715 -1761 -1762 -1768 -1769 -1770 -1771 -1772 -1773 -1774 -1775 -1776 -1777 -1532 -1533 -1813 -1814 -1815 -1816 -1817 -1818 -1820 -1846 -1847 -1848 -1849 -1854 -1855 -1858 -1859 -1861 -1862 -1866 -1867 -1868 -1869 -1870 -1871 -1539 -1875 -1879 -1880 -1881 -1540 -1893 -1905 -1543 -1544 -1928 -1929 -1545 -1937 -1938 -1546 -1944 -1945 -1547 -1548 -1967 -1549 -1972 -1973 -1974 -1975 -1976 -1977 -1984 -1986 -1987 -1988 -1989 -1995 -1996 -1997 -1507 -2005 -2006 -2007 -2008 -2016 -2017 -2019 -2021 -1554 -2023 -2025 -2027 -2029 -2031 -2033 -2035 -2037 -1556 -2046 -2048 -2050 -1557 -2052 -2054 -2056 -1558 -2062 -2063 -2064 -2065 -2066 -2068 -2069 -2070 -2071 -1559 -2072 -2073 -2081 -1560 -2083 -2084 -1561 -1562 -2110 -1563 -2117 -1564 -2133 -2134 -1567 -1568 -2162 -2165 -2166 -2168 -2170 -1569 -2177 -2180 -2181 -1570 -2183 -2184 -2186 -2188 -2189 -2190 -2191 -1571 -2192 -2193 -2194 -2195 -2196 -2197 -2198 -2199 -2200 -2201 -1572 -2202 -2203 -2204 -2205 -2208 -2210 -2211 -1573 -2212 -2213 -2214 -2215 -2216 -2217 -2219 -2220 -2221 -1574 -2229 -1575 -2254 -2257 -2269 -2270 -2280 -1510 -2307 -2308 -2309 -2310 -2311 -2312 -2315 -2316 -2317 -2325 -2326 -2327 -2328 -2329 -2330 -2331 -2333 -2338 -2344 -2345 -2354 -2363 -2364 -2365 -2366 -2368 -2369 -2370 -2371 -2372 -2390 -2391 -2392 -2393 -2399 -1594 -1595 -1596 -2452 -2478 -2479 -2482 -2483 -2484 -2485 -2486 -2487 -2489 -2490 -2491 -2492 -2493 -2494 -2543 -2648 -2672 -2674 -2681 -2682 -2687 -2690 -1694 -1927 -1943 -1950 -1951 -1952 -1953 -1954 -1955 -1956 -1957 -1958 -1959 -1960 -1961 -1962 -1963 -1964 -1965 -2010 -2011 -2012 -2013 -2126 -2131 -2248 -2249 -2290 -2291 -2294 -2295 -2431 -2439 -2446 -2447 -2448 -2449 -2450 -2451 -2453 -2454 -2455 -2456 -2652 -2660 -2641 -2645 -1825 -1826 -1827 -1828 -1829 -1830 -1831 -1832 -1833 -1834 -1835 -1836 -1837 -1838 -1839 -1840 -1841 -1842 -1843 -1844 -2665 -2669 0