1 0
12 0
16 0
20 0
25 0
30 0
33 0
35 0
52 0
63 0
64 0
67 0
71 0
-72 0
-70 0
-69 0
-68 0
-66 0
-65 0
-62 0
-61 0
-60 0
-59 0
-58 0
-57 0
-56 0
-55 0
-54 0
-53 0
-51 0
-50 0
-49 0
-48 0
-47 0
-46 0
-45 0
-44 0
-43 0
-42 0
-41 0
-40 0
-39 0
-38 0
-37 0
-36 0
-34 0
-32 0
-31 0
-29 0
-28 0
-27 0
-26 0
-24 0
-23 0
-22 0
-21 0
-19 0
-18 0
-17 0
-15 0
-14 0
-13 0
-11 0
-10 0
-9 0
-8 0
-7 0
-6 0
-5 0
-4 0
-3 0
-2 0

1720 7 -73 0
1720 -7 73 0
1721 7 74 0
1721 -7 -74 0
1722 8 -75 0
1722 -8 75 0
1723 8 76 0
1723 -8 -76 0
1724 9 -77 0
1724 -9 77 0
1725 9 78 0
1725 -9 -78 0
1726 9 -79 0
1726 -9 79 0
1727 10 -80 0
1727 -10 80 0
1728 10 81 0
1728 -10 -81 0
1729 10 -82 0
1729 -10 82 0
1730 11 -83 0
1730 -11 83 0
1731 11 84 0
1731 -11 -84 0
1732 12 -85 0
1732 -12 85 0
1733 12 86 0
1733 -12 -86 0
1734 13 -87 0
1734 -13 87 0
1735 13 88 0
1735 -13 -88 0
1736 14 -89 0
1736 -14 89 0
1737 14 90 0
1737 -14 -90 0
1738 35 36 -91 0
1738 -35 91 0
1738 -36 91 0
1739 1 92 0
1739 -1 -92 0
1740 1 -93 0
1740 -1 93 0
1741 1 94 0
1741 -1 -94 0
1742 2 -95 0
1742 -2 95 0
1743 2 96 0
1743 -2 -96 0
1744 -2 -3 97 0
1744 2 -97 0
1744 3 -97 0
1745 3 98 0
1745 -3 -98 0
1746 3 -99 0
1746 -3 99 0
1747 3 100 0
1747 -3 -100 0
1748 4 101 0
1748 -4 -101 0
1749 4 -102 0
1749 -4 102 0
1750 4 103 0
1750 -4 -103 0
1751 -4 -5 104 0
1751 4 -104 0
1751 5 -104 0
1752 5 105 0
1752 -5 -105 0
1753 5 6 -106 0
1753 -5 106 0
1753 -6 106 0
1754 6 -107 0
1754 -6 107 0
1755 6 108 0
1755 -6 -108 0
1756 7 109 0
1756 -7 -109 0
1757 8 -110 0
1757 -8 110 0
1758 8 111 0
1758 -8 -111 0
1759 9 -112 0
1759 -9 112 0
1760 9 113 0
1760 -9 -113 0
1761 11 -114 0
1761 -11 114 0
1762 11 115 0
1762 -11 -115 0
1763 12 -116 0
1763 -12 116 0
1764 12 117 0
1764 -12 -117 0
1765 13 118 0
1765 -13 -118 0
1766 1 -119 0
1766 -1 119 0
1767 9 -120 0
1767 -9 120 0
1768 13 -121 0
1768 -13 121 0
1769 3 122 0
1769 -3 -122 0
1770 25 -123 0
1770 -25 123 0
1771 26 124 0
1771 -26 -124 0
1772 -3 -26 125 0
1772 3 -125 0
1772 26 -125 0
1773 -3 -26 -126 0
1773 3 126 0
1773 26 126 0
1774 -3 -24 127 0
1774 3 -127 0
1774 24 -127 0
1775 3 128 0
1775 -3 -128 0
1776 49 4 -129 0
1776 -49 129 0
1776 -4 129 0
1777 -1 -2 -130 0
1777 1 130 0
1777 2 130 0
1778 -1 -3 -4 -131 0
1778 1 131 0
1778 3 131 0
1778 4 131 0
1779 3 132 0
1779 -3 -132 0
1780 4 133 0
1780 -4 -133 0
1781 24 -134 0
1781 -24 134 0
1782 27 135 0
1782 -27 -135 0
1783 48 -136 0
1783 -48 136 0
1784 30 -137 0
1784 -30 137 0
1785 31 -138 0
1785 -31 138 0
1786 32 -139 0
1786 -32 139 0
1787 33 -140 0
1787 -33 140 0
1788 34 -141 0
1788 -34 141 0
1789 35 -142 0
1789 -35 142 0
1790 36 -143 0
1790 -36 143 0
1791 37 -144 0
1791 -37 144 0
1792 7 -145 0
1792 -7 145 0
1793 8 -146 0
1793 -8 146 0
1794 8 -147 0
1794 -8 147 0
1795 12 -148 0
1795 -12 148 0
1796 12 -149 0
1796 -12 149 0
1797 47 -150 0
1797 -47 150 0
1798 -34 -91 151 0
1798 34 -151 0
1798 91 -151 0
1799 101 3 -152 0
1799 -101 152 0
1799 -3 152 0
1800 128 23 -153 0
1800 -128 153 0
1800 -23 153 0
1801 97 154 0
1801 -97 -154 0
1802 132 1 -155 0
1802 -132 155 0
1802 -1 155 0
1803 -130 -131 156 0
1803 130 -156 0
1803 131 -156 0
1804 133 1 -157 0
1804 -133 157 0
1804 -1 157 0
1805 -109 -111 -113 158 0
1805 109 -158 0
1805 111 -158 0
1805 113 -158 0
1806 -30 -73 -159 0
1806 30 159 0
1806 73 159 0
1807 -31 -75 -160 0
1807 31 160 0
1807 75 160 0
1808 -32 -79 -161 0
1808 32 161 0
1808 79 161 0
1809 -33 -82 -162 0
1809 33 162 0
1809 82 162 0
1810 -34 -83 -163 0
1810 34 163 0
1810 83 163 0
1811 -35 -85 -164 0
1811 35 164 0
1811 85 164 0
1812 -36 -87 -165 0
1812 36 165 0
1812 87 165 0
1813 -37 -89 -166 0
1813 37 166 0
1813 89 166 0
1814 137 167 0
1814 -137 -167 0
1815 138 168 0
1815 -138 -168 0
1816 139 169 0
1816 -139 -169 0
1817 140 170 0
1817 -140 -170 0
1818 -76 -78 -171 0
1818 76 171 0
1818 78 171 0
1819 -86 -88 -172 0
1819 86 172 0
1819 88 172 0
1820 -77 -80 -173 0
1820 77 173 0
1820 80 173 0
1821 74 -174 0
1821 -74 174 0
1822 146 175 0
1822 -146 -175 0
1823 148 176 0
1823 -148 -176 0
1824 108 -177 0
1824 -108 177 0
1825 108 -178 0
1825 -108 178 0
1826 95 -179 0
1826 -95 179 0
1827 103 -180 0
1827 -103 180 0
1828 105 -181 0
1828 -105 181 0
1829 -94 -106 182 0
1829 94 -182 0
1829 106 -182 0
1830 -94 -107 -105 183 0
1830 94 -183 0
1830 107 -183 0
1830 105 -183 0
1831 -92 -107 184 0
1831 92 -184 0
1831 107 -184 0
1832 -93 -96 -99 185 0
1832 93 -185 0
1832 96 -185 0
1832 99 -185 0
1833 -93 -96 -99 -186 0
1833 93 186 0
1833 96 186 0
1833 99 186 0
1834 -93 -96 -187 0
1834 93 187 0
1834 96 187 0
1835 119 -188 0
1835 -119 188 0
1836 -95 -98 -6 -189 0
1836 95 189 0
1836 98 189 0
1836 6 189 0
1837 -109 -111 -113 -190 0
1837 109 190 0
1837 111 190 0
1837 113 190 0
1838 147 191 0
1838 -147 -191 0
1839 -115 -117 -118 192 0
1839 115 -192 0
1839 117 -192 0
1839 118 -192 0
1840 -115 -117 -118 -193 0
1840 115 193 0
1840 117 193 0
1840 118 193 0
1841 149 194 0
1841 -149 -194 0
1842 100 195 0
1842 -100 -195 0
1843 100 196 0
1843 -100 -196 0
1844 100 197 0
1844 -100 -197 0
1845 100 198 0
1845 -100 -198 0
1846 100 199 0
1846 -100 -199 0
1847 100 200 0
1847 -100 -200 0
1848 100 201 0
1848 -100 -201 0
1849 100 202 0
1849 -100 -202 0
1850 122 123 -203 0
1850 -122 203 0
1850 -123 203 0
1851 122 123 204 0
1851 -122 -204 0
1851 -123 -204 0
1852 127 -205 0
1852 -127 205 0
1853 127 206 0
1853 -127 -206 0
1854 102 -207 0
1854 -102 207 0
1855 103 -208 0
1855 -103 208 0
1856 129 209 0
1856 -129 -209 0
1857 129 210 0
1857 -129 -210 0
1858 129 211 0
1858 -129 -211 0
1859 129 212 0
1859 -129 -212 0
1860 129 213 0
1860 -129 -213 0
1861 129 214 0
1861 -129 -214 0
1862 129 215 0
1862 -129 -215 0
1863 129 216 0
1863 -129 -216 0
1864 1 154 -217 0
1864 -1 217 0
1864 -154 217 0
1865 104 218 0
1865 -104 -218 0
1866 104 219 0
1866 -104 -219 0
1867 -92 -95 -98 220 0
1867 92 -220 0
1867 95 -220 0
1867 98 -220 0
1868 134 221 0
1868 -134 -221 0
1869 150 222 0
1869 -150 -222 0
1870 135 136 -223 0
1870 -135 223 0
1870 -136 223 0
1871 135 136 224 0
1871 -135 -224 0
1871 -136 -224 0
1872 141 225 0
1872 -141 -225 0
1873 142 226 0
1873 -142 -226 0
1874 143 227 0
1874 -143 -227 0
1875 144 228 0
1875 -144 -228 0
1876 76 -229 0
1876 -76 229 0
1877 145 230 0
1877 -145 -230 0
1878 78 -231 0
1878 -78 231 0
1879 81 -232 0
1879 -81 232 0
1880 84 -233 0
1880 -84 233 0
1881 86 -234 0
1881 -86 234 0
1882 88 -235 0
1882 -88 235 0
1883 90 -236 0
1883 -90 236 0
1884 120 -237 0
1884 -120 237 0
1885 120 -238 0
1885 -120 238 0
1886 121 -239 0
1886 -121 239 0
1887 121 -240 0
1887 -121 240 0
1888 -81 -158 -241 0
1888 81 241 0
1888 158 241 0
1889 -159 -160 -161 -162 242 0
1889 159 -242 0
1889 160 -242 0
1889 161 -242 0
1889 162 -242 0
1890 -163 -164 -165 -166 243 0
1890 163 -243 0
1890 164 -243 0
1890 165 -243 0
1890 166 -243 0
1891 -138 -167 -244 0
1891 138 244 0
1891 167 244 0
1892 -137 -168 -245 0
1892 137 245 0
1892 168 245 0
1893 -140 -169 -246 0
1893 140 246 0
1893 169 246 0
1894 -139 -170 -247 0
1894 139 247 0
1894 170 247 0
1895 -73 -171 248 0
1895 73 -248 0
1895 171 -248 0
1896 -119 -189 249 0
1896 119 -249 0
1896 189 -249 0
1897 152 250 0
1897 -152 -250 0
1898 -100 -152 251 0
1898 100 -251 0
1898 152 -251 0
1899 -190 -195 252 0
1899 190 -252 0
1899 195 -252 0
1900 152 253 0
1900 -152 -253 0
1901 -100 -152 254 0
1901 100 -254 0
1901 152 -254 0
1902 152 255 0
1902 -152 -255 0
1903 -100 -152 256 0
1903 100 -256 0
1903 152 -256 0
1904 -113 -197 257 0
1904 113 -257 0
1904 197 -257 0
1905 152 258 0
1905 -152 -258 0
1906 -100 -152 259 0
1906 100 -259 0
1906 152 -259 0
1907 -10 -198 260 0
1907 10 -260 0
1907 198 -260 0
1908 152 261 0
1908 -152 -261 0
1909 -100 -152 262 0
1909 100 -262 0
1909 152 -262 0
1910 -193 -199 263 0
1910 193 -263 0
1910 199 -263 0
1911 152 264 0
1911 -152 -264 0
1912 -100 -152 265 0
1912 100 -265 0
1912 152 -265 0
1913 152 266 0
1913 -152 -266 0
1914 -100 -152 267 0
1914 100 -267 0
1914 152 -267 0
1915 -118 -201 268 0
1915 118 -268 0
1915 201 -268 0
1916 152 269 0
1916 -152 -269 0
1917 -100 -152 270 0
1917 100 -270 0
1917 152 -270 0
1918 -14 -202 271 0
1918 14 -271 0
1918 202 -271 0
1919 -28 -209 272 0
1919 28 -272 0
1919 209 -272 0
1920 -29 -210 273 0
1920 29 -273 0
1920 210 -273 0
1921 -30 -211 274 0
1921 30 -274 0
1921 211 -274 0
1922 -31 -212 275 0
1922 31 -275 0
1922 212 -275 0
1923 -32 -213 276 0
1923 32 -276 0
1923 213 -276 0
1924 -33 -214 277 0
1924 33 -277 0
1924 214 -277 0
1925 -34 -215 278 0
1925 34 -278 0
1925 215 -278 0
1926 -35 -216 279 0
1926 35 -279 0
1926 216 -279 0
1927 -1 -2 -218 280 0
1927 1 -280 0
1927 2 -280 0
1927 218 -280 0
1928 -1 -2 -219 281 0
1928 1 -281 0
1928 2 -281 0
1928 219 -281 0
1929 156 282 0
1929 -156 -282 0
1930 156 283 0
1930 -156 -283 0
1931 156 284 0
1931 -156 -284 0
1932 156 285 0
1932 -156 -285 0
1933 156 286 0
1933 -156 -286 0
1934 156 287 0
1934 -156 -287 0
1935 156 288 0
1935 -156 -288 0
1936 156 289 0
1936 -156 -289 0
1937 -142 -225 -290 0
1937 142 290 0
1937 225 290 0
1938 -141 -226 -291 0
1938 141 291 0
1938 226 291 0
1939 -144 -227 -292 0
1939 144 292 0
1939 227 292 0
1940 -143 -228 -293 0
1940 143 293 0
1940 228 293 0
1941 241 51 0
1941 -241 -51 0
1942 -11 -172 294 0
1942 11 -294 0
1942 172 -294 0
1943 -244 -245 -295 0
1943 244 295 0
1943 245 295 0
1944 -246 -247 -296 0
1944 246 296 0
1944 247 296 0
1945 -242 -243 -297 0
1945 242 297 0
1945 243 297 0
1946 -90 -192 298 0
1946 90 -298 0
1946 192 -298 0
1947 -90 -192 -299 0
1947 90 299 0
1947 192 299 0
1948 174 300 0
1948 -174 -300 0
1949 -237 -175 -301 0
1949 237 301 0
1949 175 301 0
1950 237 302 0
1950 -237 -302 0
1951 -77 -174 303 0
1951 77 -303 0
1951 174 -303 0
1952 -239 -176 -304 0
1952 239 304 0
1952 176 304 0
1953 239 305 0
1953 -239 -305 0
1954 -11 -172 -306 0
1954 11 306 0
1954 172 306 0
1955 177 307 0
1955 -177 -307 0
1956 178 308 0
1956 -178 -308 0
1957 -185 -102 -309 0
1957 185 309 0
1957 102 309 0
1958 -185 -103 -310 0
1958 185 310 0
1958 103 310 0
1959 -93 -179 -99 -311 0
1959 93 311 0
1959 179 311 0
1959 99 311 0
1960 -93 -96 -99 -181 -312 0
1960 93 312 0
1960 96 312 0
1960 99 312 0
1960 181 312 0
1961 -238 -191 -313 0
1961 238 313 0
1961 191 313 0
1962 238 314 0
1962 -238 -314 0
1963 -240 -194 -315 0
1963 240 315 0
1963 194 315 0
1964 240 316 0
1964 -240 -316 0
1965 186 317 0
1965 -186 -317 0
1966 188 318 0
1966 -188 -318 0
1967 187 319 0
1967 -187 -319 0
1968 -110 -250 320 0
1968 110 -320 0
1968 250 -320 0
1969 -21 -251 321 0
1969 21 -321 0
1969 251 -321 0
1970 -112 -253 322 0
1970 112 -322 0
1970 253 -322 0
1971 -22 -254 323 0
1971 22 -323 0
1971 254 -323 0
1972 -10 -255 324 0
1972 10 -324 0
1972 255 -324 0
1973 -7 -256 325 0
1973 7 -325 0
1973 256 -325 0
1974 -114 -258 326 0
1974 114 -326 0
1974 258 -326 0
1975 -110 -259 327 0
1975 110 -327 0
1975 259 -327 0
1976 -116 -261 328 0
1976 116 -328 0
1976 261 -328 0
1977 -112 -262 329 0
1977 112 -329 0
1977 262 -329 0
1978 -13 -264 330 0
1978 13 -330 0
1978 264 -330 0
1979 -10 -265 331 0
1979 10 -331 0
1979 265 -331 0
1980 -14 -266 332 0
1980 14 -332 0
1980 266 -332 0
1981 -114 -267 333 0
1981 114 -333 0
1981 267 -333 0
1982 -39 -269 334 0
1982 39 -334 0
1982 269 -334 0
1983 -116 -270 335 0
1983 116 -335 0
1983 270 -335 0
1984 -26 -205 336 0
1984 26 -336 0
1984 205 -336 0
1985 -124 -205 337 0
1985 124 -337 0
1985 205 -337 0
1986 -125 -206 338 0
1986 125 -338 0
1986 206 -338 0
1987 -126 -206 339 0
1987 126 -339 0
1987 206 -339 0
1988 -180 -181 -340 0
1988 180 340 0
1988 181 340 0
1989 -102 -181 -341 0
1989 102 341 0
1989 181 341 0
1990 -93 -179 -153 -342 0
1990 93 342 0
1990 179 342 0
1990 153 342 0
1991 -96 -98 -180 -343 0
1991 96 343 0
1991 98 343 0
1991 180 343 0
1992 -96 -180 -344 0
1992 96 344 0
1992 180 344 0
1993 207 345 0
1993 -207 -345 0
1994 207 346 0
1994 -207 -346 0
1995 207 347 0
1995 -207 -347 0
1996 207 348 0
1996 -207 -348 0
1997 207 349 0
1997 -207 -349 0
1998 207 350 0
1998 -207 -350 0
1999 207 351 0
1999 -207 -351 0
2000 208 352 0
2000 -208 -352 0
2001 -208 -129 353 0
2001 208 -353 0
2001 129 -353 0
2002 208 354 0
2002 -208 -354 0
2003 -208 -129 355 0
2003 208 -355 0
2003 129 -355 0
2004 208 356 0
2004 -208 -356 0
2005 -208 -129 357 0
2005 208 -357 0
2005 129 -357 0
2006 208 358 0
2006 -208 -358 0
2007 -208 -129 359 0
2007 208 -359 0
2007 129 -359 0
2008 208 360 0
2008 -208 -360 0
2009 -208 -129 361 0
2009 208 -361 0
2009 129 -361 0
2010 208 362 0
2010 -208 -362 0
2011 -208 -129 363 0
2011 208 -363 0
2011 129 -363 0
2012 208 364 0
2012 -208 -364 0
2013 -208 -129 365 0
2013 208 -365 0
2013 129 -365 0
2014 208 366 0
2014 -208 -366 0
2015 -208 -129 367 0
2015 208 -367 0
2015 129 -367 0
2016 -156 -217 368 0
2016 156 -368 0
2016 217 -368 0
2017 7 217 369 0
2017 -7 -369 0
2017 -217 -369 0
2018 182 370 0
2018 -182 -370 0
2019 -156 -217 371 0
2019 156 -371 0
2019 217 -371 0
2020 8 217 372 0
2020 -8 -372 0
2020 -217 -372 0
2021 182 373 0
2021 -182 -373 0
2022 -156 -217 374 0
2022 156 -374 0
2022 217 -374 0
2023 9 217 375 0
2023 -9 -375 0
2023 -217 -375 0
2024 182 376 0
2024 -182 -376 0
2025 -156 -217 377 0
2025 156 -377 0
2025 217 -377 0
2026 10 217 378 0
2026 -10 -378 0
2026 -217 -378 0
2027 182 379 0
2027 -182 -379 0
2028 -156 -217 380 0
2028 156 -380 0
2028 217 -380 0
2029 11 217 381 0
2029 -11 -381 0
2029 -217 -381 0
2030 184 382 0
2030 -184 -382 0
2031 -156 -217 383 0
2031 156 -383 0
2031 217 -383 0
2032 12 217 384 0
2032 -12 -384 0
2032 -217 -384 0
2033 183 385 0
2033 -183 -385 0
2034 -156 -217 386 0
2034 156 -386 0
2034 217 -386 0
2035 13 217 387 0
2035 -13 -387 0
2035 -217 -387 0
2036 183 388 0
2036 -183 -388 0
2037 -156 -217 389 0
2037 156 -389 0
2037 217 -389 0
2038 14 217 390 0
2038 -14 -390 0
2038 -217 -390 0
2039 183 391 0
2039 -183 -391 0
2040 -220 -27 392 0
2040 220 -392 0
2040 27 -392 0
2041 -220 -27 -393 0
2041 220 393 0
2041 27 393 0
2042 -220 -27 -48 394 0
2042 220 -394 0
2042 27 -394 0
2042 48 -394 0
2043 -220 -27 -48 -395 0
2043 220 395 0
2043 27 395 0
2043 48 395 0
2044 -220 -27 -48 396 0
2044 220 -396 0
2044 27 -396 0
2044 48 -396 0
2045 -220 -27 -48 -397 0
2045 220 397 0
2045 27 397 0
2045 48 397 0
2046 224 -398 0
2046 -224 398 0
2047 -290 -291 -399 0
2047 290 399 0
2047 291 399 0
2048 -292 -293 -400 0
2048 292 400 0
2048 293 400 0
2049 229 401 0
2049 -229 -401 0
2050 -229 -230 -402 0
2050 229 402 0
2050 230 402 0
2051 231 403 0
2051 -231 -403 0
2052 232 404 0
2052 -232 -404 0
2053 233 405 0
2053 -233 -405 0
2054 234 406 0
2054 -234 -406 0
2055 235 407 0
2055 -235 -407 0
2056 236 408 0
2056 -236 -408 0
2057 294 52 0
2057 -294 -52 0
2058 -146 -302 -409 0
2058 146 409 0
2058 302 409 0
2059 -148 -305 -410 0
2059 148 410 0
2059 305 410 0
2060 -248 -178 411 0
2060 248 -411 0
2060 178 -411 0
2061 -147 -314 -412 0
2061 147 412 0
2061 314 412 0
2062 -149 -316 -413 0
2062 149 413 0
2062 316 413 0
2063 -151 -317 414 0
2063 151 -414 0
2063 317 -414 0
2064 252 320 321 -415 0
2064 -252 415 0
2064 -320 415 0
2064 -321 415 0
2065 257 324 325 -416 0
2065 -257 416 0
2065 -324 416 0
2065 -325 416 0
2066 260 326 327 -417 0
2066 -260 417 0
2066 -326 417 0
2066 -327 417 0
2067 263 328 329 -418 0
2067 -263 418 0
2067 -328 418 0
2067 -329 418 0
2068 268 332 333 -419 0
2068 -268 419 0
2068 -332 419 0
2068 -333 419 0
2069 271 334 335 -420 0
2069 -271 420 0
2069 -334 420 0
2069 -335 420 0
2070 -10 -352 421 0
2070 10 -421 0
2070 352 -421 0
2071 -29 -353 422 0
2071 29 -422 0
2071 353 -422 0
2072 -11 -354 423 0
2072 11 -423 0
2072 354 -423 0
2073 -30 -355 424 0
2073 30 -424 0
2073 355 -424 0
2074 -12 -356 425 0
2074 12 -425 0
2074 356 -425 0
2075 -31 -357 426 0
2075 31 -426 0
2075 357 -426 0
2076 -13 -358 427 0
2076 13 -427 0
2076 358 -427 0
2077 -32 -359 428 0
2077 32 -428 0
2077 359 -428 0
2078 -14 -360 429 0
2078 14 -429 0
2078 360 -429 0
2079 -33 -361 430 0
2079 33 -430 0
2079 361 -430 0
2080 -39 -362 431 0
2080 39 -431 0
2080 362 -431 0
2081 -34 -363 432 0
2081 34 -432 0
2081 363 -432 0
2082 -40 -364 433 0
2082 40 -433 0
2082 364 -433 0
2083 -35 -365 434 0
2083 35 -434 0
2083 365 -434 0
2084 -41 -366 435 0
2084 41 -435 0
2084 366 -435 0
2085 -36 -367 436 0
2085 36 -436 0
2085 367 -436 0
2086 280 -437 0
2086 -280 437 0
2087 280 438 0
2087 -280 -438 0
2088 281 -439 0
2088 -281 439 0
2089 281 440 0
2089 -281 -440 0
2090 -7 -155 -368 441 0
2090 7 -441 0
2090 155 -441 0
2090 368 -441 0
2091 -8 -155 -371 442 0
2091 8 -442 0
2091 155 -442 0
2091 371 -442 0
2092 -9 -155 -374 443 0
2092 9 -443 0
2092 155 -443 0
2092 374 -443 0
2093 -10 -155 -377 444 0
2093 10 -444 0
2093 155 -444 0
2093 377 -444 0
2094 -11 -157 -380 445 0
2094 11 -445 0
2094 157 -445 0
2094 380 -445 0
2095 -12 -157 -383 446 0
2095 12 -446 0
2095 157 -446 0
2095 383 -446 0
2096 -13 -157 -386 447 0
2096 13 -447 0
2096 157 -447 0
2096 386 -447 0
2097 -14 -157 -389 448 0
2097 14 -448 0
2097 157 -448 0
2097 389 -448 0
2098 249 449 0
2098 -249 -449 0
2099 249 450 0
2099 -249 -450 0
2100 249 451 0
2100 -249 -451 0
2101 249 452 0
2101 -249 -452 0
2102 249 453 0
2102 -249 -453 0
2103 249 454 0
2103 -249 -454 0
2104 249 455 0
2104 -249 -455 0
2105 249 456 0
2105 -249 -456 0
2106 -145 -401 -457 0
2106 145 457 0
2106 401 457 0
2107 -232 -403 -458 0
2107 232 458 0
2107 403 458 0
2108 -231 -404 -459 0
2108 231 459 0
2108 404 459 0
2109 -234 -405 -460 0
2109 234 460 0
2109 405 460 0
2110 -233 -406 -461 0
2110 233 461 0
2110 406 461 0
2111 -236 -407 -462 0
2111 236 462 0
2111 407 462 0
2112 -235 -408 -463 0
2112 235 463 0
2112 408 463 0
2113 399 464 0
2113 -399 -464 0
2114 400 465 0
2114 -400 -465 0
2115 309 466 0
2115 -309 -466 0
2116 -309 -310 467 0
2116 309 -467 0
2116 310 -467 0
2117 310 468 0
2117 -310 -468 0
2118 -301 -409 -469 0
2118 301 469 0
2118 409 469 0
2119 -304 -410 -470 0
2119 304 470 0
2119 410 470 0
2120 -298 -173 -74 -8 471 0
2120 298 -471 0
2120 173 -471 0
2120 74 -471 0
2120 8 -471 0
2121 309 472 0
2121 -309 -472 0
2122 -309 -310 473 0
2122 309 -473 0
2122 310 -473 0
2123 310 474 0
2123 -310 -474 0
2124 309 475 0
2124 -309 -475 0
2125 310 476 0
2125 -310 -476 0
2126 -309 -310 477 0
2126 309 -477 0
2126 310 -477 0
2127 309 478 0
2127 -309 -478 0
2128 310 479 0
2128 -310 -479 0
2129 -309 -310 480 0
2129 309 -480 0
2129 310 -480 0
2130 312 -481 0
2130 -312 481 0
2131 312 -482 0
2131 -312 482 0
2132 -313 -412 -483 0
2132 313 483 0
2132 412 483 0
2133 -315 -413 -484 0
2133 315 484 0
2133 413 484 0
2134 311 485 0
2134 -311 -485 0
2135 -311 -186 486 0
2135 311 -486 0
2135 186 -486 0
2136 311 487 0
2136 -311 -487 0
2137 -187 -311 488 0
2137 187 -488 0
2137 311 -488 0
2138 -204 -339 -489 0
2138 204 489 0
2138 339 489 0
2139 -204 -338 -490 0
2139 204 490 0
2139 338 490 0
2140 -203 -339 -491 0
2140 203 491 0
2140 339 491 0
2141 -203 -338 -492 0
2141 203 492 0
2141 338 492 0
2142 -204 -337 -493 0
2142 204 493 0
2142 337 493 0
2143 -204 -336 -494 0
2143 204 494 0
2143 336 494 0
2144 -203 -337 -495 0
2144 203 495 0
2144 337 495 0
2145 -203 -336 -496 0
2145 203 496 0
2145 336 496 0
2146 340 497 0
2146 -340 -497 0
2147 341 498 0
2147 -341 -498 0
2148 -340 -341 499 0
2148 340 -499 0
2148 341 -499 0
2149 342 -500 0
2149 -342 500 0
2150 342 -501 0
2150 -342 501 0
2151 344 502 0
2151 -344 -502 0
2152 344 503 0
2152 -344 -503 0
2153 344 504 0
2153 -344 -504 0
2154 344 505 0
2154 -344 -505 0
2155 343 506 0
2155 -343 -506 0
2156 343 507 0
2156 -343 -507 0
2157 343 508 0
2157 -343 -508 0
2158 343 509 0
2158 -343 -509 0
2159 421 272 422 -510 0
2159 -421 510 0
2159 -272 510 0
2159 -422 510 0
2160 423 273 424 -511 0
2160 -423 511 0
2160 -273 511 0
2160 -424 511 0
2161 425 274 426 -512 0
2161 -425 512 0
2161 -274 512 0
2161 -426 512 0
2162 427 275 428 -513 0
2162 -427 513 0
2162 -275 513 0
2162 -428 513 0
2163 429 276 430 -514 0
2163 -429 514 0
2163 -276 514 0
2163 -430 514 0
2164 431 277 432 -515 0
2164 -431 515 0
2164 -277 515 0
2164 -432 515 0
2165 433 278 434 -516 0
2165 -433 516 0
2165 -278 516 0
2165 -434 516 0
2166 435 279 436 -517 0
2166 -435 517 0
2166 -279 517 0
2166 -436 517 0
2167 -415 -282 518 0
2167 415 -518 0
2167 282 -518 0
2168 -416 -284 519 0
2168 416 -519 0
2168 284 -519 0
2169 -417 -285 520 0
2169 417 -520 0
2169 285 -520 0
2170 -418 -286 521 0
2170 418 -521 0
2170 286 -521 0
2171 -419 -288 522 0
2171 419 -522 0
2171 288 -522 0
2172 -420 -289 523 0
2172 420 -523 0
2172 289 -523 0
2173 395 -524 0
2173 -395 524 0
2174 -398 -50 525 0
2174 398 -525 0
2174 50 -525 0
2175 -398 -50 -526 0
2175 398 526 0
2175 50 526 0
2176 295 -527 0
2176 -295 527 0
2177 296 -528 0
2177 -296 528 0
2178 295 -529 0
2178 -295 529 0
2179 296 -530 0
2179 -296 530 0
2180 -402 -457 -531 0
2180 402 531 0
2180 457 531 0
2181 -458 -459 -532 0
2181 458 532 0
2181 459 532 0
2182 -460 -461 -533 0
2182 460 533 0
2182 461 533 0
2183 -462 -463 -534 0
2183 462 534 0
2183 463 534 0
2184 -400 -464 -535 0
2184 400 535 0
2184 464 535 0
2185 -399 -465 -536 0
2185 399 536 0
2185 465 536 0
2186 -84 -467 537 0
2186 84 -537 0
2186 467 -537 0
2187 -469 -80 -300 538 0
2187 469 -538 0
2187 80 -538 0
2187 300 -538 0
2188 -89 -470 539 0
2188 89 -539 0
2188 470 -539 0
2189 -471 -177 540 0
2189 471 -540 0
2189 177 -540 0
2190 -86 -473 541 0
2190 86 -541 0
2190 473 -541 0
2191 -306 -476 542 0
2191 306 -542 0
2191 476 -542 0
2192 -90 -477 543 0
2192 90 -543 0
2192 477 -543 0
2193 -299 -479 544 0
2193 299 -544 0
2193 479 -544 0
2194 -88 -480 545 0
2194 88 -545 0
2194 480 -545 0
2195 483 546 0
2195 -483 -546 0
2196 484 547 0
2196 -484 -547 0
2197 -248 -485 548 0
2197 248 -548 0
2197 485 -548 0
2198 -297 -486 549 0
2198 297 -549 0
2198 486 -549 0
2199 -74 -499 550 0
2199 74 -550 0
2199 499 -550 0
2200 -440 -30 -370 551 0
2200 440 -551 0
2200 30 -551 0
2200 370 -551 0
2201 -440 -38 -182 552 0
2201 440 -552 0
2201 38 -552 0
2201 182 -552 0
2202 -439 -510 553 0
2202 439 -553 0
2202 510 -553 0
2203 -440 -31 -373 554 0
2203 440 -554 0
2203 31 -554 0
2203 373 -554 0
2204 -440 -38 -182 555 0
2204 440 -555 0
2204 38 -555 0
2204 182 -555 0
2205 -439 -511 556 0
2205 439 -556 0
2205 511 -556 0
2206 -440 -32 -376 557 0
2206 440 -557 0
2206 32 -557 0
2206 376 -557 0
2207 -440 -38 -182 558 0
2207 440 -558 0
2207 38 -558 0
2207 182 -558 0
2208 -439 -512 559 0
2208 439 -559 0
2208 512 -559 0
2209 -440 -33 -379 560 0
2209 440 -560 0
2209 33 -560 0
2209 379 -560 0
2210 -440 -38 -182 561 0
2210 440 -561 0
2210 38 -561 0
2210 182 -561 0
2211 -439 -513 562 0
2211 439 -562 0
2211 513 -562 0
2212 -438 -34 -382 563 0
2212 438 -563 0
2212 34 -563 0
2212 382 -563 0
2213 -438 -38 -184 564 0
2213 438 -564 0
2213 38 -564 0
2213 184 -564 0
2214 -437 -514 565 0
2214 437 -565 0
2214 514 -565 0
2215 -438 -35 -385 566 0
2215 438 -566 0
2215 35 -566 0
2215 385 -566 0
2216 -438 -38 -183 567 0
2216 438 -567 0
2216 38 -567 0
2216 183 -567 0
2217 -437 -515 568 0
2217 437 -568 0
2217 515 -568 0
2218 -438 -36 -388 569 0
2218 438 -569 0
2218 36 -569 0
2218 388 -569 0
2219 -438 -38 -183 570 0
2219 438 -570 0
2219 38 -570 0
2219 183 -570 0
2220 -437 -516 571 0
2220 437 -571 0
2220 516 -571 0
2221 -438 -37 -391 572 0
2221 438 -572 0
2221 37 -572 0
2221 391 -572 0
2222 -438 -38 -183 573 0
2222 438 -573 0
2222 38 -573 0
2222 183 -573 0
2223 -437 -517 574 0
2223 437 -574 0
2223 517 -574 0
2224 527 575 0
2224 -527 -575 0
2225 528 576 0
2225 -528 -576 0
2226 529 577 0
2226 -529 -577 0
2227 530 578 0
2227 -530 -578 0
2228 -535 -536 -579 0
2228 535 579 0
2228 536 579 0
2229 531 580 0
2229 -531 -580 0
2230 532 581 0
2230 -532 -581 0
2231 533 582 0
2231 -533 -582 0
2232 534 583 0
2232 -534 -583 0
2233 538 303 -584 0
2233 -538 584 0
2233 -303 584 0
2234 482 585 0
2234 -482 -585 0
2235 -482 -188 586 0
2235 482 -586 0
2235 188 -586 0
2236 -539 -487 587 0
2236 539 -587 0
2236 487 -587 0
2237 -546 -196 588 0
2237 546 -588 0
2237 196 -588 0
2238 -547 -200 589 0
2238 547 -589 0
2238 200 -589 0
2239 489 -590 0
2239 -489 590 0
2240 490 -591 0
2240 -490 591 0
2241 491 -592 0
2241 -491 592 0
2242 492 -593 0
2242 -492 593 0
2243 493 -594 0
2243 -493 594 0
2244 494 -595 0
2244 -494 595 0
2245 495 -596 0
2245 -495 596 0
2246 496 -597 0
2246 -496 597 0
2247 489 -598 0
2247 -489 598 0
2248 490 -599 0
2248 -490 599 0
2249 491 -600 0
2249 -491 600 0
2250 492 -601 0
2250 -492 601 0
2251 493 -602 0
2251 -493 602 0
2252 494 -603 0
2252 -494 603 0
2253 495 -604 0
2253 -495 604 0
2254 496 -605 0
2254 -496 605 0
2255 500 606 0
2255 -500 -606 0
2256 -500 -344 607 0
2256 500 -607 0
2256 344 -607 0
2257 500 608 0
2257 -500 -608 0
2258 -500 -344 609 0
2258 500 -609 0
2258 344 -609 0
2259 500 610 0
2259 -500 -610 0
2260 -500 -344 611 0
2260 500 -611 0
2260 344 -611 0
2261 500 612 0
2261 -500 -612 0
2262 -500 -344 613 0
2262 500 -613 0
2262 344 -613 0
2263 501 614 0
2263 -501 -614 0
2264 -501 -343 615 0
2264 501 -615 0
2264 343 -615 0
2265 501 616 0
2265 -501 -616 0
2266 -501 -343 617 0
2266 501 -617 0
2266 343 -617 0
2267 501 618 0
2267 -501 -618 0
2268 -501 -343 619 0
2268 501 -619 0
2268 343 -619 0
2269 501 620 0
2269 -501 -620 0
2270 -501 -343 621 0
2270 501 -621 0
2270 343 -621 0
2271 518 369 441 -622 0
2271 -518 622 0
2271 -369 622 0
2271 -441 622 0
2272 518 369 441 623 0
2272 -518 -623 0
2272 -369 -623 0
2272 -441 -623 0
2273 551 552 553 -624 0
2273 -551 624 0
2273 -552 624 0
2273 -553 624 0
2274 554 555 556 -625 0
2274 -554 625 0
2274 -555 625 0
2274 -556 625 0
2275 519 375 443 -626 0
2275 -519 626 0
2275 -375 626 0
2275 -443 626 0
2276 519 375 443 627 0
2276 -519 -627 0
2276 -375 -627 0
2276 -443 -627 0
2277 557 558 559 -628 0
2277 -557 628 0
2277 -558 628 0
2277 -559 628 0
2278 520 378 444 -629 0
2278 -520 629 0
2278 -378 629 0
2278 -444 629 0
2279 520 378 444 630 0
2279 -520 -630 0
2279 -378 -630 0
2279 -444 -630 0
2280 560 561 562 -631 0
2280 -560 631 0
2280 -561 631 0
2280 -562 631 0
2281 521 381 445 -632 0
2281 -521 632 0
2281 -381 632 0
2281 -445 632 0
2282 521 381 445 633 0
2282 -521 -633 0
2282 -381 -633 0
2282 -445 -633 0
2283 563 564 565 -634 0
2283 -563 634 0
2283 -564 634 0
2283 -565 634 0
2284 566 567 568 -635 0
2284 -566 635 0
2284 -567 635 0
2284 -568 635 0
2285 522 387 447 -636 0
2285 -522 636 0
2285 -387 636 0
2285 -447 636 0
2286 522 387 447 637 0
2286 -522 -637 0
2286 -387 -637 0
2286 -447 -637 0
2287 569 570 571 -638 0
2287 -569 638 0
2287 -570 638 0
2287 -571 638 0
2288 523 390 448 -639 0
2288 -523 639 0
2288 -390 639 0
2288 -448 639 0
2289 523 390 448 640 0
2289 -523 -640 0
2289 -390 -640 0
2289 -448 -640 0
2290 572 573 574 -641 0
2290 -572 641 0
2290 -573 641 0
2290 -574 641 0
2291 524 642 0
2291 -524 -642 0
2292 481 643 0
2292 -481 -643 0
2293 -249 -481 644 0
2293 249 -644 0
2293 481 -644 0
2294 481 645 0
2294 -481 -645 0
2295 -249 -481 646 0
2295 249 -646 0
2295 481 -646 0
2296 481 647 0
2296 -481 -647 0
2297 -249 -481 648 0
2297 249 -648 0
2297 481 -648 0
2298 481 649 0
2298 -481 -649 0
2299 -249 -481 650 0
2299 249 -650 0
2299 481 -650 0
2300 481 651 0
2300 -481 -651 0
2301 -249 -481 652 0
2301 249 -652 0
2301 481 -652 0
2302 481 653 0
2302 -481 -653 0
2303 -249 -481 654 0
2303 249 -654 0
2303 481 -654 0
2304 481 655 0
2304 -481 -655 0
2305 -249 -481 656 0
2305 249 -656 0
2305 481 -656 0
2306 481 657 0
2306 -481 -657 0
2307 -249 -481 658 0
2307 249 -658 0
2307 481 -658 0
2308 548 414 549 -659 0
2308 -548 659 0
2308 -414 659 0
2308 -549 659 0
2309 548 414 549 660 0
2309 -548 -660 0
2309 -414 -660 0
2309 -549 -660 0
2310 -528 -575 -661 0
2310 528 661 0
2310 575 661 0
2311 -527 -576 -662 0
2311 527 662 0
2311 576 662 0
2312 -530 -577 -663 0
2312 530 663 0
2312 577 663 0
2313 -529 -578 -664 0
2313 529 664 0
2313 578 664 0
2314 -532 -580 -665 0
2314 532 665 0
2314 580 665 0
2315 -531 -581 -666 0
2315 531 666 0
2315 581 666 0
2316 -534 -582 -667 0
2316 534 667 0
2316 582 667 0
2317 -533 -583 -668 0
2317 533 668 0
2317 583 668 0
2318 -248 -585 669 0
2318 248 -669 0
2318 585 -669 0
2319 -298 -586 670 0
2319 298 -670 0
2319 586 -670 0
2320 -584 -319 671 0
2320 584 -671 0
2320 319 -671 0
2321 588 322 323 -672 0
2321 -588 672 0
2321 -322 672 0
2321 -323 672 0
2322 589 330 331 -673 0
2322 -589 673 0
2322 -330 673 0
2322 -331 673 0
2323 -74 -607 674 0
2323 74 -674 0
2323 607 -674 0
2324 -76 -609 675 0
2324 76 -675 0
2324 609 -675 0
2325 -78 -611 676 0
2325 78 -676 0
2325 611 -676 0
2326 -81 -613 677 0
2326 81 -677 0
2326 613 -677 0
2327 660 678 0
2327 -660 -678 0
2328 -661 -662 -679 0
2328 661 679 0
2328 662 679 0
2329 -663 -664 -680 0
2329 663 680 0
2329 664 680 0
2330 579 -681 0
2330 -579 681 0
2331 -665 -666 -682 0
2331 665 682 0
2331 666 682 0
2332 -667 -668 -683 0
2332 667 683 0
2332 668 683 0
2333 -579 -466 684 0
2333 579 -684 0
2333 466 -684 0
2334 590 685 0
2334 -590 -685 0
2335 591 686 0
2335 -591 -686 0
2336 592 687 0
2336 -592 -687 0
2337 593 688 0
2337 -593 -688 0
2338 594 689 0
2338 -594 -689 0
2339 595 690 0
2339 -595 -690 0
2340 596 691 0
2340 -596 -691 0
2341 597 692 0
2341 -597 -692 0
2342 590 693 0
2342 -590 -693 0
2343 591 694 0
2343 -591 -694 0
2344 592 695 0
2344 -592 -695 0
2345 593 696 0
2345 -593 -696 0
2346 594 697 0
2346 -594 -697 0
2347 595 698 0
2347 -595 -698 0
2348 596 699 0
2348 -596 -699 0
2349 597 700 0
2349 -597 -700 0
2350 590 701 0
2350 -590 -701 0
2351 591 702 0
2351 -591 -702 0
2352 592 703 0
2352 -592 -703 0
2353 593 704 0
2353 -593 -704 0
2354 594 705 0
2354 -594 -705 0
2355 595 706 0
2355 -595 -706 0
2356 596 707 0
2356 -596 -707 0
2357 597 708 0
2357 -597 -708 0
2358 590 709 0
2358 -590 -709 0
2359 591 710 0
2359 -591 -710 0
2360 592 711 0
2360 -592 -711 0
2361 593 712 0
2361 -593 -712 0
2362 594 713 0
2362 -594 -713 0
2363 595 714 0
2363 -595 -714 0
2364 596 715 0
2364 -596 -715 0
2365 597 716 0
2365 -597 -716 0
2366 590 717 0
2366 -590 -717 0
2367 591 718 0
2367 -591 -718 0
2368 592 719 0
2368 -592 -719 0
2369 593 720 0
2369 -593 -720 0
2370 594 721 0
2370 -594 -721 0
2371 595 722 0
2371 -595 -722 0
2372 596 723 0
2372 -596 -723 0
2373 597 724 0
2373 -597 -724 0
2374 590 725 0
2374 -590 -725 0
2375 591 726 0
2375 -591 -726 0
2376 592 727 0
2376 -592 -727 0
2377 593 728 0
2377 -593 -728 0
2378 594 729 0
2378 -594 -729 0
2379 595 730 0
2379 -595 -730 0
2380 596 731 0
2380 -596 -731 0
2381 597 732 0
2381 -597 -732 0
2382 590 733 0
2382 -590 -733 0
2383 591 734 0
2383 -591 -734 0
2384 592 735 0
2384 -592 -735 0
2385 593 736 0
2385 -593 -736 0
2386 594 737 0
2386 -594 -737 0
2387 595 738 0
2387 -595 -738 0
2388 596 739 0
2388 -596 -739 0
2389 597 740 0
2389 -597 -740 0
2390 590 741 0
2390 -590 -741 0
2391 591 742 0
2391 -591 -742 0
2392 592 743 0
2392 -592 -743 0
2393 593 744 0
2393 -593 -744 0
2394 594 745 0
2394 -594 -745 0
2395 595 746 0
2395 -595 -746 0
2396 596 747 0
2396 -596 -747 0
2397 597 748 0
2397 -597 -748 0
2398 598 749 0
2398 -598 -749 0
2399 599 750 0
2399 -599 -750 0
2400 600 751 0
2400 -600 -751 0
2401 601 752 0
2401 -601 -752 0
2402 602 753 0
2402 -602 -753 0
2403 603 754 0
2403 -603 -754 0
2404 604 755 0
2404 -604 -755 0
2405 605 756 0
2405 -605 -756 0
2406 598 757 0
2406 -598 -757 0
2407 599 758 0
2407 -599 -758 0
2408 600 759 0
2408 -600 -759 0
2409 601 760 0
2409 -601 -760 0
2410 602 761 0
2410 -602 -761 0
2411 603 762 0
2411 -603 -762 0
2412 604 763 0
2412 -604 -763 0
2413 605 764 0
2413 -605 -764 0
2414 598 765 0
2414 -598 -765 0
2415 599 766 0
2415 -599 -766 0
2416 600 767 0
2416 -600 -767 0
2417 601 768 0
2417 -601 -768 0
2418 602 769 0
2418 -602 -769 0
2419 603 770 0
2419 -603 -770 0
2420 604 771 0
2420 -604 -771 0
2421 605 772 0
2421 -605 -772 0
2422 598 773 0
2422 -598 -773 0
2423 599 774 0
2423 -599 -774 0
2424 600 775 0
2424 -600 -775 0
2425 601 776 0
2425 -601 -776 0
2426 602 777 0
2426 -602 -777 0
2427 603 778 0
2427 -603 -778 0
2428 604 779 0
2428 -604 -779 0
2429 605 780 0
2429 -605 -780 0
2430 598 781 0
2430 -598 -781 0
2431 599 782 0
2431 -599 -782 0
2432 600 783 0
2432 -600 -783 0
2433 601 784 0
2433 -601 -784 0
2434 602 785 0
2434 -602 -785 0
2435 603 786 0
2435 -603 -786 0
2436 604 787 0
2436 -604 -787 0
2437 605 788 0
2437 -605 -788 0
2438 598 789 0
2438 -598 -789 0
2439 599 790 0
2439 -599 -790 0
2440 600 791 0
2440 -600 -791 0
2441 601 792 0
2441 -601 -792 0
2442 602 793 0
2442 -602 -793 0
2443 603 794 0
2443 -603 -794 0
2444 604 795 0
2444 -604 -795 0
2445 605 796 0
2445 -605 -796 0
2446 598 797 0
2446 -598 -797 0
2447 599 798 0
2447 -599 -798 0
2448 600 799 0
2448 -600 -799 0
2449 601 800 0
2449 -601 -800 0
2450 602 801 0
2450 -602 -801 0
2451 603 802 0
2451 -603 -802 0
2452 604 803 0
2452 -604 -803 0
2453 605 804 0
2453 -605 -804 0
2454 598 805 0
2454 -598 -805 0
2455 599 806 0
2455 -599 -806 0
2456 600 807 0
2456 -600 -807 0
2457 601 808 0
2457 -601 -808 0
2458 602 809 0
2458 -602 -809 0
2459 603 810 0
2459 -603 -810 0
2460 604 811 0
2460 -604 -811 0
2461 605 812 0
2461 -605 -812 0
2462 624 -813 0
2462 -624 813 0
2463 624 814 0
2463 -624 -814 0
2464 623 815 0
2464 -623 -815 0
2465 -672 -283 816 0
2465 672 -816 0
2465 283 -816 0
2466 625 -817 0
2466 -625 817 0
2467 625 818 0
2467 -625 -818 0
2468 628 -819 0
2468 -628 819 0
2469 628 820 0
2469 -628 -820 0
2470 627 821 0
2470 -627 -821 0
2471 631 -822 0
2471 -631 822 0
2472 631 823 0
2472 -631 -823 0
2473 630 824 0
2473 -630 -824 0
2474 634 -825 0
2474 -634 825 0
2475 634 826 0
2475 -634 -826 0
2476 633 827 0
2476 -633 -827 0
2477 -673 -287 828 0
2477 673 -828 0
2477 287 -828 0
2478 635 -829 0
2478 -635 829 0
2479 635 830 0
2479 -635 -830 0
2480 638 -831 0
2480 -638 831 0
2481 638 832 0
2481 -638 -832 0
2482 637 833 0
2482 -637 -833 0
2483 641 -834 0
2483 -641 834 0
2484 641 835 0
2484 -641 -835 0
2485 640 836 0
2485 -640 -836 0
2486 -392 -622 837 0
2486 392 -837 0
2486 622 -837 0
2487 -394 -626 838 0
2487 394 -838 0
2487 626 -838 0
2488 -394 -629 839 0
2488 394 -839 0
2488 629 -839 0
2489 -394 -632 840 0
2489 394 -840 0
2489 632 -840 0
2490 -396 -636 841 0
2490 396 -841 0
2490 636 -841 0
2491 -396 -639 842 0
2491 396 -842 0
2491 639 -842 0
2492 634 843 0
2492 -634 -843 0
2493 635 844 0
2493 -635 -844 0
2494 638 845 0
2494 -638 -845 0
2495 641 846 0
2495 -641 -846 0
2496 -634 -635 -638 -641 -221 847 0
2496 634 -847 0
2496 635 -847 0
2496 638 -847 0
2496 641 -847 0
2496 221 -847 0
2497 -659 -678 -53 0
2497 659 53 0
2497 678 53 0
2498 679 848 0
2498 -679 -848 0
2499 684 468 537 -849 0
2499 -684 849 0
2499 -468 849 0
2499 -537 849 0
2500 -15 -685 850 0
2500 15 -850 0
2500 685 -850 0
2501 -22 -686 851 0
2501 22 -851 0
2501 686 -851 0
2502 -21 -687 852 0
2502 21 -852 0
2502 687 -852 0
2503 -20 -688 853 0
2503 20 -853 0
2503 688 -853 0
2504 -19 -689 854 0
2504 19 -854 0
2504 689 -854 0
2505 -18 -690 855 0
2505 18 -855 0
2505 690 -855 0
2506 -17 -691 856 0
2506 17 -856 0
2506 691 -856 0
2507 -16 -692 857 0
2507 16 -857 0
2507 692 -857 0
2508 -16 -693 858 0
2508 16 -858 0
2508 693 -858 0
2509 -73 -694 859 0
2509 73 -859 0
2509 694 -859 0
2510 -22 -695 860 0
2510 22 -860 0
2510 695 -860 0
2511 -21 -696 861 0
2511 21 -861 0
2511 696 -861 0
2512 -20 -697 862 0
2512 20 -862 0
2512 697 -862 0
2513 -19 -698 863 0
2513 19 -863 0
2513 698 -863 0
2514 -18 -699 864 0
2514 18 -864 0
2514 699 -864 0
2515 -17 -700 865 0
2515 17 -865 0
2515 700 -865 0
2516 -17 -701 866 0
2516 17 -866 0
2516 701 -866 0
2517 -75 -702 867 0
2517 75 -867 0
2517 702 -867 0
2518 -73 -703 868 0
2518 73 -868 0
2518 703 -868 0
2519 -22 -704 869 0
2519 22 -869 0
2519 704 -869 0
2520 -21 -705 870 0
2520 21 -870 0
2520 705 -870 0
2521 -20 -706 871 0
2521 20 -871 0
2521 706 -871 0
2522 -19 -707 872 0
2522 19 -872 0
2522 707 -872 0
2523 -18 -708 873 0
2523 18 -873 0
2523 708 -873 0
2524 -18 -709 874 0
2524 18 -874 0
2524 709 -874 0
2525 -79 -710 875 0
2525 79 -875 0
2525 710 -875 0
2526 -75 -711 876 0
2526 75 -876 0
2526 711 -876 0
2527 -73 -712 877 0
2527 73 -877 0
2527 712 -877 0
2528 -22 -713 878 0
2528 22 -878 0
2528 713 -878 0
2529 -21 -714 879 0
2529 21 -879 0
2529 714 -879 0
2530 -20 -715 880 0
2530 20 -880 0
2530 715 -880 0
2531 -19 -716 881 0
2531 19 -881 0
2531 716 -881 0
2532 -19 -717 882 0
2532 19 -882 0
2532 717 -882 0
2533 -82 -718 883 0
2533 82 -883 0
2533 718 -883 0
2534 -79 -719 884 0
2534 79 -884 0
2534 719 -884 0
2535 -75 -720 885 0
2535 75 -885 0
2535 720 -885 0
2536 -73 -721 886 0
2536 73 -886 0
2536 721 -886 0
2537 -22 -722 887 0
2537 22 -887 0
2537 722 -887 0
2538 -21 -723 888 0
2538 21 -888 0
2538 723 -888 0
2539 -20 -724 889 0
2539 20 -889 0
2539 724 -889 0
2540 -20 -725 890 0
2540 20 -890 0
2540 725 -890 0
2541 -83 -726 891 0
2541 83 -891 0
2541 726 -891 0
2542 -82 -727 892 0
2542 82 -892 0
2542 727 -892 0
2543 -79 -728 893 0
2543 79 -893 0
2543 728 -893 0
2544 -75 -729 894 0
2544 75 -894 0
2544 729 -894 0
2545 -73 -730 895 0
2545 73 -895 0
2545 730 -895 0
2546 -22 -731 896 0
2546 22 -896 0
2546 731 -896 0
2547 -21 -732 897 0
2547 21 -897 0
2547 732 -897 0
2548 -21 -733 898 0
2548 21 -898 0
2548 733 -898 0
2549 -85 -734 899 0
2549 85 -899 0
2549 734 -899 0
2550 -83 -735 900 0
2550 83 -900 0
2550 735 -900 0
2551 -82 -736 901 0
2551 82 -901 0
2551 736 -901 0
2552 -79 -737 902 0
2552 79 -902 0
2552 737 -902 0
2553 -75 -738 903 0
2553 75 -903 0
2553 738 -903 0
2554 -73 -739 904 0
2554 73 -904 0
2554 739 -904 0
2555 -22 -740 905 0
2555 22 -905 0
2555 740 -905 0
2556 -22 -741 906 0
2556 22 -906 0
2556 741 -906 0
2557 -87 -742 907 0
2557 87 -907 0
2557 742 -907 0
2558 -85 -743 908 0
2558 85 -908 0
2558 743 -908 0
2559 -83 -744 909 0
2559 83 -909 0
2559 744 -909 0
2560 -82 -745 910 0
2560 82 -910 0
2560 745 -910 0
2561 -79 -746 911 0
2561 79 -911 0
2561 746 -911 0
2562 -75 -747 912 0
2562 75 -912 0
2562 747 -912 0
2563 -73 -748 913 0
2563 73 -913 0
2563 748 -913 0
2564 -39 -749 914 0
2564 39 -914 0
2564 749 -914 0
2565 -75 -750 915 0
2565 75 -915 0
2565 750 -915 0
2566 -79 -751 916 0
2566 79 -916 0
2566 751 -916 0
2567 -82 -752 917 0
2567 82 -917 0
2567 752 -917 0
2568 -83 -753 918 0
2568 83 -918 0
2568 753 -918 0
2569 -85 -754 919 0
2569 85 -919 0
2569 754 -919 0
2570 -87 -755 920 0
2570 87 -920 0
2570 755 -920 0
2571 -89 -756 921 0
2571 89 -921 0
2571 756 -921 0
2572 -40 -757 922 0
2572 40 -922 0
2572 757 -922 0
2573 -79 -758 923 0
2573 79 -923 0
2573 758 -923 0
2574 -82 -759 924 0
2574 82 -924 0
2574 759 -924 0
2575 -83 -760 925 0
2575 83 -925 0
2575 760 -925 0
2576 -85 -761 926 0
2576 85 -926 0
2576 761 -926 0
2577 -87 -762 927 0
2577 87 -927 0
2577 762 -927 0
2578 -89 -763 928 0
2578 89 -928 0
2578 763 -928 0
2579 -39 -764 929 0
2579 39 -929 0
2579 764 -929 0
2580 -41 -765 930 0
2580 41 -930 0
2580 765 -930 0
2581 -82 -766 931 0
2581 82 -931 0
2581 766 -931 0
2582 -83 -767 932 0
2582 83 -932 0
2582 767 -932 0
2583 -85 -768 933 0
2583 85 -933 0
2583 768 -933 0
2584 -87 -769 934 0
2584 87 -934 0
2584 769 -934 0
2585 -89 -770 935 0
2585 89 -935 0
2585 770 -935 0
2586 -39 -771 936 0
2586 39 -936 0
2586 771 -936 0
2587 -40 -772 937 0
2587 40 -937 0
2587 772 -937 0
2588 -42 -773 938 0
2588 42 -938 0
2588 773 -938 0
2589 -83 -774 939 0
2589 83 -939 0
2589 774 -939 0
2590 -85 -775 940 0
2590 85 -940 0
2590 775 -940 0
2591 -87 -776 941 0
2591 87 -941 0
2591 776 -941 0
2592 -89 -777 942 0
2592 89 -942 0
2592 777 -942 0
2593 -39 -778 943 0
2593 39 -943 0
2593 778 -943 0
2594 -40 -779 944 0
2594 40 -944 0
2594 779 -944 0
2595 -41 -780 945 0
2595 41 -945 0
2595 780 -945 0
2596 -43 -781 946 0
2596 43 -946 0
2596 781 -946 0
2597 -85 -782 947 0
2597 85 -947 0
2597 782 -947 0
2598 -87 -783 948 0
2598 87 -948 0
2598 783 -948 0
2599 -89 -784 949 0
2599 89 -949 0
2599 784 -949 0
2600 -39 -785 950 0
2600 39 -950 0
2600 785 -950 0
2601 -40 -786 951 0
2601 40 -951 0
2601 786 -951 0
2602 -41 -787 952 0
2602 41 -952 0
2602 787 -952 0
2603 -42 -788 953 0
2603 42 -953 0
2603 788 -953 0
2604 -44 -789 954 0
2604 44 -954 0
2604 789 -954 0
2605 -87 -790 955 0
2605 87 -955 0
2605 790 -955 0
2606 -89 -791 956 0
2606 89 -956 0
2606 791 -956 0
2607 -39 -792 957 0
2607 39 -957 0
2607 792 -957 0
2608 -40 -793 958 0
2608 40 -958 0
2608 793 -958 0
2609 -41 -794 959 0
2609 41 -959 0
2609 794 -959 0
2610 -42 -795 960 0
2610 42 -960 0
2610 795 -960 0
2611 -43 -796 961 0
2611 43 -961 0
2611 796 -961 0
2612 -45 -797 962 0
2612 45 -962 0
2612 797 -962 0
2613 -89 -798 963 0
2613 89 -963 0
2613 798 -963 0
2614 -39 -799 964 0
2614 39 -964 0
2614 799 -964 0
2615 -40 -800 965 0
2615 40 -965 0
2615 800 -965 0
2616 -41 -801 966 0
2616 41 -966 0
2616 801 -966 0
2617 -42 -802 967 0
2617 42 -967 0
2617 802 -967 0
2618 -43 -803 968 0
2618 43 -968 0
2618 803 -968 0
2619 -44 -804 969 0
2619 44 -969 0
2619 804 -969 0
2620 -46 -805 970 0
2620 46 -970 0
2620 805 -970 0
2621 -39 -806 971 0
2621 39 -971 0
2621 806 -971 0
2622 -40 -807 972 0
2622 40 -972 0
2622 807 -972 0
2623 -41 -808 973 0
2623 41 -973 0
2623 808 -973 0
2624 -42 -809 974 0
2624 42 -974 0
2624 809 -974 0
2625 -43 -810 975 0
2625 43 -975 0
2625 810 -975 0
2626 -44 -811 976 0
2626 44 -976 0
2626 811 -976 0
2627 -45 -812 977 0
2627 45 -977 0
2627 812 -977 0
2628 -843 -844 -845 -846 -134 978 0
2628 843 -978 0
2628 844 -978 0
2628 845 -978 0
2628 846 -978 0
2628 134 -978 0
2629 683 -979 0
2629 -683 979 0
2630 -848 -307 980 0
2630 848 -980 0
2630 307 -980 0
2631 -683 -472 981 0
2631 683 -981 0
2631 472 -981 0
2632 -682 -308 982 0
2632 682 -982 0
2632 308 -982 0
2633 850 851 852 853 854 855 856 857 983 0
2633 -850 -983 0
2633 -851 -983 0
2633 -852 -983 0
2633 -853 -983 0
2633 -854 -983 0
2633 -855 -983 0
2633 -856 -983 0
2633 -857 -983 0
2634 858 859 860 861 862 863 864 865 984 0
2634 -858 -984 0
2634 -859 -984 0
2634 -860 -984 0
2634 -861 -984 0
2634 -862 -984 0
2634 -863 -984 0
2634 -864 -984 0
2634 -865 -984 0
2635 866 867 868 869 870 871 872 873 985 0
2635 -866 -985 0
2635 -867 -985 0
2635 -868 -985 0
2635 -869 -985 0
2635 -870 -985 0
2635 -871 -985 0
2635 -872 -985 0
2635 -873 -985 0
2636 874 875 876 877 878 879 880 881 986 0
2636 -874 -986 0
2636 -875 -986 0
2636 -876 -986 0
2636 -877 -986 0
2636 -878 -986 0
2636 -879 -986 0
2636 -880 -986 0
2636 -881 -986 0
2637 882 883 884 885 886 887 888 889 987 0
2637 -882 -987 0
2637 -883 -987 0
2637 -884 -987 0
2637 -885 -987 0
2637 -886 -987 0
2637 -887 -987 0
2637 -888 -987 0
2637 -889 -987 0
2638 890 891 892 893 894 895 896 897 988 0
2638 -890 -988 0
2638 -891 -988 0
2638 -892 -988 0
2638 -893 -988 0
2638 -894 -988 0
2638 -895 -988 0
2638 -896 -988 0
2638 -897 -988 0
2639 898 899 900 901 902 903 904 905 989 0
2639 -898 -989 0
2639 -899 -989 0
2639 -900 -989 0
2639 -901 -989 0
2639 -902 -989 0
2639 -903 -989 0
2639 -904 -989 0
2639 -905 -989 0
2640 906 907 908 909 910 911 912 913 990 0
2640 -906 -990 0
2640 -907 -990 0
2640 -908 -990 0
2640 -909 -990 0
2640 -910 -990 0
2640 -911 -990 0
2640 -912 -990 0
2640 -913 -990 0
2641 914 915 916 917 918 919 920 921 991 0
2641 -914 -991 0
2641 -915 -991 0
2641 -916 -991 0
2641 -917 -991 0
2641 -918 -991 0
2641 -919 -991 0
2641 -920 -991 0
2641 -921 -991 0
2642 922 923 924 925 926 927 928 929 992 0
2642 -922 -992 0
2642 -923 -992 0
2642 -924 -992 0
2642 -925 -992 0
2642 -926 -992 0
2642 -927 -992 0
2642 -928 -992 0
2642 -929 -992 0
2643 930 931 932 933 934 935 936 937 993 0
2643 -930 -993 0
2643 -931 -993 0
2643 -932 -993 0
2643 -933 -993 0
2643 -934 -993 0
2643 -935 -993 0
2643 -936 -993 0
2643 -937 -993 0
2644 938 939 940 941 942 943 944 945 994 0
2644 -938 -994 0
2644 -939 -994 0
2644 -940 -994 0
2644 -941 -994 0
2644 -942 -994 0
2644 -943 -994 0
2644 -944 -994 0
2644 -945 -994 0
2645 946 947 948 949 950 951 952 953 995 0
2645 -946 -995 0
2645 -947 -995 0
2645 -948 -995 0
2645 -949 -995 0
2645 -950 -995 0
2645 -951 -995 0
2645 -952 -995 0
2645 -953 -995 0
2646 954 955 956 957 958 959 960 961 996 0
2646 -954 -996 0
2646 -955 -996 0
2646 -956 -996 0
2646 -957 -996 0
2646 -958 -996 0
2646 -959 -996 0
2646 -960 -996 0
2646 -961 -996 0
2647 962 963 964 965 966 967 968 969 997 0
2647 -962 -997 0
2647 -963 -997 0
2647 -964 -997 0
2647 -965 -997 0
2647 -966 -997 0
2647 -967 -997 0
2647 -968 -997 0
2647 -969 -997 0
2648 970 971 972 973 974 975 976 977 998 0
2648 -970 -998 0
2648 -971 -998 0
2648 -972 -998 0
2648 -973 -998 0
2648 -974 -998 0
2648 -975 -998 0
2648 -976 -998 0
2648 -977 -998 0
2649 -849 -615 999 0
2649 849 -999 0
2649 615 -999 0
2650 -23 -622 -813 1000 0
2650 23 -1000 0
2650 622 -1000 0
2650 813 -1000 0
2651 -24 -622 -814 1001 0
2651 24 -1001 0
2651 622 -1001 0
2651 814 -1001 0
2652 -25 -623 -814 1002 0
2652 25 -1002 0
2652 623 -1002 0
2652 814 -1002 0
2653 -26 -623 -813 1003 0
2653 26 -1003 0
2653 623 -1003 0
2653 813 -1003 0
2654 816 372 442 -1004 0
2654 -816 1004 0
2654 -372 1004 0
2654 -442 1004 0
2655 816 372 442 1005 0
2655 -816 -1005 0
2655 -372 -1005 0
2655 -442 -1005 0
2656 -23 -626 -819 1006 0
2656 23 -1006 0
2656 626 -1006 0
2656 819 -1006 0
2657 -24 -626 -820 1007 0
2657 24 -1007 0
2657 626 -1007 0
2657 820 -1007 0
2658 -25 -627 -820 1008 0
2658 25 -1008 0
2658 627 -1008 0
2658 820 -1008 0
2659 -26 -627 -819 1009 0
2659 26 -1009 0
2659 627 -1009 0
2659 819 -1009 0
2660 -23 -629 -822 1010 0
2660 23 -1010 0
2660 629 -1010 0
2660 822 -1010 0
2661 -24 -629 -823 1011 0
2661 24 -1011 0
2661 629 -1011 0
2661 823 -1011 0
2662 -25 -630 -823 1012 0
2662 25 -1012 0
2662 630 -1012 0
2662 823 -1012 0
2663 -26 -630 -822 1013 0
2663 26 -1013 0
2663 630 -1013 0
2663 822 -1013 0
2664 -23 -632 -825 1014 0
2664 23 -1014 0
2664 632 -1014 0
2664 825 -1014 0
2665 -24 -632 -826 1015 0
2665 24 -1015 0
2665 632 -1015 0
2665 826 -1015 0
2666 -25 -633 -826 1016 0
2666 25 -1016 0
2666 633 -1016 0
2666 826 -1016 0
2667 -26 -633 -825 1017 0
2667 26 -1017 0
2667 633 -1017 0
2667 825 -1017 0
2668 828 384 446 -1018 0
2668 -828 1018 0
2668 -384 1018 0
2668 -446 1018 0
2669 828 384 446 1019 0
2669 -828 -1019 0
2669 -384 -1019 0
2669 -446 -1019 0
2670 -23 -636 -831 1020 0
2670 23 -1020 0
2670 636 -1020 0
2670 831 -1020 0
2671 -24 -636 -832 1021 0
2671 24 -1021 0
2671 636 -1021 0
2671 832 -1021 0
2672 -25 -637 -832 1022 0
2672 25 -1022 0
2672 637 -1022 0
2672 832 -1022 0
2673 -26 -637 -831 1023 0
2673 26 -1023 0
2673 637 -1023 0
2673 831 -1023 0
2674 -23 -639 -834 1024 0
2674 23 -1024 0
2674 639 -1024 0
2674 834 -1024 0
2675 -24 -639 -835 1025 0
2675 24 -1025 0
2675 639 -1025 0
2675 835 -1025 0
2676 -25 -640 -835 1026 0
2676 25 -1026 0
2676 640 -1026 0
2676 835 -1026 0
2677 -26 -640 -834 1027 0
2677 26 -1027 0
2677 640 -1027 0
2677 834 -1027 0
2678 847 978 -1028 0
2678 -847 1028 0
2678 -978 1028 0
2679 680 -1029 0
2679 -680 1029 0
2680 681 -1030 0
2680 -681 1030 0
2681 680 -1031 0
2681 -680 1031 0
2682 681 -1032 0
2682 -681 1032 0
2683 682 -1033 0
2683 -682 1033 0
2684 682 -1034 0
2684 -682 1034 0
2685 837 -1035 0
2685 -837 1035 0
2686 837 -1036 0
2686 -837 1036 0
2687 838 -1037 0
2687 -838 1037 0
2688 838 -1038 0
2688 -838 1038 0
2689 839 -1039 0
2689 -839 1039 0
2690 839 -1040 0
2690 -839 1040 0
2691 840 -1041 0
2691 -840 1041 0
2692 840 -1042 0
2692 -840 1042 0
2693 841 -1043 0
2693 -841 1043 0
2694 841 -1044 0
2694 -841 1044 0
2695 842 -1045 0
2695 -842 1045 0
2696 842 -1046 0
2696 -842 1046 0
2697 980 540 1047 0
2697 -980 -1047 0
2697 -540 -1047 0
2698 981 474 541 -1048 0
2698 -981 1048 0
2698 -474 1048 0
2698 -541 1048 0
2699 982 411 1049 0
2699 -982 -1049 0
2699 -411 -1049 0
2700 -983 -497 1050 0
2700 983 -1050 0
2700 497 -1050 0
2701 -991 -498 1051 0
2701 991 -1051 0
2701 498 -1051 0
2702 -984 -345 1052 0
2702 984 -1052 0
2702 345 -1052 0
2703 -992 -207 1053 0
2703 992 -1053 0
2703 207 -1053 0
2704 -985 -346 1054 0
2704 985 -1054 0
2704 346 -1054 0
2705 -993 -207 1055 0
2705 993 -1055 0
2705 207 -1055 0
2706 -986 -347 1056 0
2706 986 -1056 0
2706 347 -1056 0
2707 -994 -207 1057 0
2707 994 -1057 0
2707 207 -1057 0
2708 -987 -348 1058 0
2708 987 -1058 0
2708 348 -1058 0
2709 -995 -207 1059 0
2709 995 -1059 0
2709 207 -1059 0
2710 -988 -349 1060 0
2710 988 -1060 0
2710 349 -1060 0
2711 -996 -207 1061 0
2711 996 -1061 0
2711 207 -1061 0
2712 -989 -350 1062 0
2712 989 -1062 0
2712 350 -1062 0
2713 -997 -207 1063 0
2713 997 -1063 0
2713 207 -1063 0
2714 -990 -351 1064 0
2714 990 -1064 0
2714 351 -1064 0
2715 -998 -207 1065 0
2715 998 -1065 0
2715 207 -1065 0
2716 1002 1003 815 -1066 0
2716 -1002 1066 0
2716 -1003 1066 0
2716 -815 1066 0
2717 1008 1009 821 -1067 0
2717 -1008 1067 0
2717 -1009 1067 0
2717 -821 1067 0
2718 1012 1013 824 -1068 0
2718 -1012 1068 0
2718 -1013 1068 0
2718 -824 1068 0
2719 1016 1017 827 -1069 0
2719 -1016 1069 0
2719 -1017 1069 0
2719 -827 1069 0
2720 1022 1023 833 -1070 0
2720 -1022 1070 0
2720 -1023 1070 0
2720 -833 1070 0
2721 1026 1027 836 -1071 0
2721 -1026 1071 0
2721 -1027 1071 0
2721 -836 1071 0
2722 -1028 -642 1072 0
2722 1028 -1072 0
2722 642 -1072 0
2723 1031 1073 0
2723 -1031 -1073 0
2724 1032 1074 0
2724 -1032 -1074 0
2725 1034 1075 0
2725 -1034 -1075 0
2726 1033 1076 0
2726 -1033 -1076 0
2727 1029 1077 0
2727 -1029 -1077 0
2728 1030 1078 0
2728 -1030 -1078 0
2729 -1049 -475 1079 0
2729 1049 -1079 0
2729 475 -1079 0
2730 -1047 -478 1080 0
2730 1047 -1080 0
2730 478 -1080 0
2731 1050 1051 550 -1081 0
2731 -1050 1081 0
2731 -1051 1081 0
2731 -550 1081 0
2732 1052 1053 -1082 0
2732 -1052 1082 0
2732 -1053 1082 0
2733 1054 1055 -1083 0
2733 -1054 1083 0
2733 -1055 1083 0
2734 1056 1057 -1084 0
2734 -1056 1084 0
2734 -1057 1084 0
2735 1058 1059 -1085 0
2735 -1058 1085 0
2735 -1059 1085 0
2736 1060 1061 -1086 0
2736 -1060 1086 0
2736 -1061 1086 0
2737 1062 1063 -1087 0
2737 -1062 1087 0
2737 -1063 1087 0
2738 1064 1065 -1088 0
2738 -1064 1088 0
2738 -1065 1088 0
2739 -1048 -617 1089 0
2739 1048 -1089 0
2739 617 -1089 0
2740 1000 1001 -1090 0
2740 -1000 1090 0
2740 -1001 1090 0
2741 1000 1001 1091 0
2741 -1000 -1091 0
2741 -1001 -1091 0
2742 -23 -1004 -817 1092 0
2742 23 -1092 0
2742 1004 -1092 0
2742 817 -1092 0
2743 -24 -1004 -818 1093 0
2743 24 -1093 0
2743 1004 -1093 0
2743 818 -1093 0
2744 -25 -1005 -818 1094 0
2744 25 -1094 0
2744 1005 -1094 0
2744 818 -1094 0
2745 -26 -1005 -817 1095 0
2745 26 -1095 0
2745 1005 -1095 0
2745 817 -1095 0
2746 1005 1096 0
2746 -1005 -1096 0
2747 1006 1007 -1097 0
2747 -1006 1097 0
2747 -1007 1097 0
2748 1006 1007 1098 0
2748 -1006 -1098 0
2748 -1007 -1098 0
2749 1010 1011 -1099 0
2749 -1010 1099 0
2749 -1011 1099 0
2750 1010 1011 1100 0
2750 -1010 -1100 0
2750 -1011 -1100 0
2751 1014 1015 -1101 0
2751 -1014 1101 0
2751 -1015 1101 0
2752 1014 1015 1102 0
2752 -1014 -1102 0
2752 -1015 -1102 0
2753 -23 -1018 -829 1103 0
2753 23 -1103 0
2753 1018 -1103 0
2753 829 -1103 0
2754 -24 -1018 -830 1104 0
2754 24 -1104 0
2754 1018 -1104 0
2754 830 -1104 0
2755 -25 -1019 -830 1105 0
2755 25 -1105 0
2755 1019 -1105 0
2755 830 -1105 0
2756 -26 -1019 -829 1106 0
2756 26 -1106 0
2756 1019 -1106 0
2756 829 -1106 0
2757 1019 1107 0
2757 -1019 -1107 0
2758 1020 1021 -1108 0
2758 -1020 1108 0
2758 -1021 1108 0
2759 1020 1021 1109 0
2759 -1020 -1109 0
2759 -1021 -1109 0
2760 1024 1025 -1110 0
2760 -1024 1110 0
2760 -1025 1110 0
2761 1024 1025 1111 0
2761 -1024 -1111 0
2761 -1025 -1111 0
2762 1036 1112 0
2762 -1036 -1112 0
2763 -392 -1004 1113 0
2763 392 -1113 0
2763 1004 -1113 0
2764 1037 1114 0
2764 -1037 -1114 0
2765 1038 1115 0
2765 -1038 -1115 0
2766 1039 1116 0
2766 -1039 -1116 0
2767 1040 1117 0
2767 -1040 -1117 0
2768 1042 1118 0
2768 -1042 -1118 0
2769 -396 -1018 1119 0
2769 396 -1119 0
2769 1018 -1119 0
2770 1044 1120 0
2770 -1044 -1120 0
2771 1045 1121 0
2771 -1045 -1121 0
2772 1046 1122 0
2772 -1046 -1122 0
2773 1043 1123 0
2773 -1043 -1123 0
2774 979 -1124 0
2774 -979 1124 0
2775 979 -1125 0
2775 -979 1125 0
2776 1035 1126 0
2776 -1035 -1126 0
2777 1041 1127 0
2777 -1041 -1127 0
2778 -1030 -1077 -1128 0
2778 1030 1128 0
2778 1077 1128 0
2779 -1029 -1078 -1129 0
2779 1029 1129 0
2779 1078 1129 0
2780 -1032 -1073 -1130 0
2780 1032 1130 0
2780 1073 1130 0
2781 -1031 -1074 -1131 0
2781 1031 1131 0
2781 1074 1131 0
2782 1079 542 543 -1132 0
2782 -1079 1132 0
2782 -542 1132 0
2782 -543 1132 0
2783 1080 544 545 -1133 0
2783 -1080 1133 0
2783 -544 1133 0
2783 -545 1133 0
2784 -1081 -606 1134 0
2784 1081 -1134 0
2784 606 -1134 0
2785 -1082 -608 1135 0
2785 1082 -1135 0
2785 608 -1135 0
2786 -1083 -610 1136 0
2786 1083 -1136 0
2786 610 -1136 0
2787 -1084 -612 1137 0
2787 1084 -1137 0
2787 612 -1137 0
2788 -1085 -614 1138 0
2788 1085 -1138 0
2788 614 -1138 0
2789 -1086 -616 1139 0
2789 1086 -1139 0
2789 616 -1139 0
2790 -1087 -618 1140 0
2790 1087 -1140 0
2790 618 -1140 0
2791 -1088 -620 1141 0
2791 1088 -1141 0
2791 620 -1141 0
2792 -1091 -1066 1142 0
2792 1091 -1142 0
2792 1066 -1142 0
2793 1094 1095 1096 -1143 0
2793 -1094 1143 0
2793 -1095 1143 0
2793 -1096 1143 0
2794 -1098 -1067 1144 0
2794 1098 -1144 0
2794 1067 -1144 0
2795 -1100 -1068 1145 0
2795 1100 -1145 0
2795 1068 -1145 0
2796 -1102 -1069 1146 0
2796 1102 -1146 0
2796 1069 -1146 0
2797 1105 1106 1107 -1147 0
2797 -1105 1147 0
2797 -1106 1147 0
2797 -1107 1147 0
2798 -1109 -1070 1148 0
2798 1109 -1148 0
2798 1070 -1148 0
2799 -1111 -1071 1149 0
2799 1111 -1149 0
2799 1071 -1149 0
2800 1090 1150 0
2800 -1090 -1150 0
2801 1101 1151 0
2801 -1101 -1151 0
2802 -1128 -1129 -1152 0
2802 1128 1152 0
2802 1129 1152 0
2803 -1130 -1131 -1153 0
2803 1130 1153 0
2803 1131 1153 0
2804 -1125 -1075 -1154 0
2804 1125 1154 0
2804 1075 1154 0
2805 1125 1155 0
2805 -1125 -1155 0
2806 -1124 -1076 -1156 0
2806 1124 1156 0
2806 1076 1156 0
2807 1124 1157 0
2807 -1124 -1157 0
2808 -1133 -619 1158 0
2808 1133 -1158 0
2808 619 -1158 0
2809 -1132 -621 1159 0
2809 1132 -1159 0
2809 621 -1159 0
2810 1092 1093 -1160 0
2810 -1092 1160 0
2810 -1093 1160 0
2811 1092 1093 1161 0
2811 -1092 -1161 0
2811 -1093 -1161 0
2812 1103 1104 -1162 0
2812 -1103 1162 0
2812 -1104 1162 0
2813 1103 1104 1163 0
2813 -1103 -1163 0
2813 -1104 -1163 0
2814 -1097 -395 1164 0
2814 1097 -1164 0
2814 395 -1164 0
2815 -1099 -395 1165 0
2815 1099 -1165 0
2815 395 -1165 0
2816 -1108 -397 1166 0
2816 1108 -1166 0
2816 397 -1166 0
2817 -1110 -397 1167 0
2817 1110 -1167 0
2817 397 -1167 0
2818 1113 -1168 0
2818 -1113 1168 0
2819 1113 -1169 0
2819 -1113 1169 0
2820 1119 -1170 0
2820 -1119 1170 0
2821 1119 -1171 0
2821 -1119 1171 0
2822 -1152 -1153 -54 0
2822 1152 54 0
2822 1153 54 0
2823 -1034 -1155 -1172 0
2823 1034 1172 0
2823 1155 1172 0
2824 -1033 -1157 -1173 0
2824 1033 1173 0
2824 1157 1173 0
2825 -1161 -1143 1174 0
2825 1161 -1174 0
2825 1143 -1174 0
2826 -1163 -1147 1175 0
2826 1163 -1175 0
2826 1147 -1175 0
2827 1142 -1176 0
2827 -1142 1176 0
2828 1144 -1177 0
2828 -1144 1177 0
2829 1145 -1178 0
2829 -1145 1178 0
2830 1146 -1179 0
2830 -1146 1179 0
2831 1148 -1180 0
2831 -1148 1180 0
2832 1149 -1181 0
2832 -1149 1181 0
2833 -1154 -1172 -1182 0
2833 1154 1182 0
2833 1172 1182 0
2834 -1156 -1173 -1183 0
2834 1156 1183 0
2834 1173 1183 0
2835 -1142 -1160 -1184 0
2835 1142 1184 0
2835 1160 1184 0
2836 -1146 -1162 -1185 0
2836 1146 1185 0
2836 1162 1185 0
2837 1168 1186 0
2837 -1168 -1186 0
2838 1169 1187 0
2838 -1169 -1187 0
2839 1171 1188 0
2839 -1171 -1188 0
2840 1170 1189 0
2840 -1170 -1189 0
2841 -1160 -393 1190 0
2841 1160 -1190 0
2841 393 -1190 0
2842 1165 -1191 0
2842 -1165 1191 0
2843 -1162 -395 1192 0
2843 1162 -1192 0
2843 395 -1192 0
2844 1167 -1193 0
2844 -1167 1193 0
2845 1164 1194 0
2845 -1164 -1194 0
2846 1167 -1195 0
2846 -1167 1195 0
2847 1182 1196 0
2847 -1182 -1196 0
2848 1183 1197 0
2848 -1183 -1197 0
2849 -1142 -1174 -1144 -1145 1198 0
2849 1142 -1198 0
2849 1174 -1198 0
2849 1144 -1198 0
2849 1145 -1198 0
2850 -1142 -1174 -1097 -1199 0
2850 1142 1199 0
2850 1174 1199 0
2850 1097 1199 0
2851 -1099 -1174 -1144 -1142 -1200 0
2851 1099 1200 0
2851 1174 1200 0
2851 1144 1200 0
2851 1142 1200 0
2852 -1146 -1175 -1148 -1149 1201 0
2852 1146 -1201 0
2852 1175 -1201 0
2852 1148 -1201 0
2852 1149 -1201 0
2853 -1146 -1175 -1108 -1202 0
2853 1146 1202 0
2853 1175 1202 0
2853 1108 1202 0
2854 -1110 -1175 -1148 -1146 -1203 0
2854 1110 1203 0
2854 1175 1203 0
2854 1148 1203 0
2854 1146 1203 0
2855 1174 -1204 0
2855 -1174 1204 0
2856 1175 -1205 0
2856 -1175 1205 0
2857 1190 1206 0
2857 -1190 -1206 0
2858 1192 1207 0
2858 -1192 -1207 0
2859 1176 -1208 0
2859 -1176 1208 0
2860 1176 -1209 0
2860 -1176 1209 0
2861 1177 -1210 0
2861 -1177 1210 0
2862 1177 -1211 0
2862 -1177 1211 0
2863 1178 -1212 0
2863 -1178 1212 0
2864 1178 -1213 0
2864 -1178 1213 0
2865 1179 -1214 0
2865 -1179 1214 0
2866 1179 -1215 0
2866 -1179 1215 0
2867 1180 -1216 0
2867 -1180 1216 0
2868 1180 -1217 0
2868 -1180 1217 0
2869 1181 -1218 0
2869 -1181 1218 0
2870 1181 -1219 0
2870 -1181 1219 0
2871 -1196 -1197 -55 0
2871 1196 55 0
2871 1197 55 0
2872 -1150 -1184 -1199 -1200 -1220 0
2872 1150 1220 0
2872 1184 1220 0
2872 1199 1220 0
2872 1200 1220 0
2873 -1151 -1185 -1202 -1203 -1221 0
2873 1151 1221 0
2873 1185 1221 0
2873 1202 1221 0
2873 1203 1221 0
2874 1195 1222 0
2874 -1195 -1222 0
2875 -1201 -1198 56 0
2875 1201 -56 0
2875 1198 -56 0
2876 -1209 -1112 -1223 0
2876 1209 1223 0
2876 1112 1223 0
2877 -1211 -1115 -1224 0
2877 1211 1224 0
2877 1115 1224 0
2878 -1213 -1117 -1225 0
2878 1213 1225 0
2878 1117 1225 0
2879 -1215 -1118 -1226 0
2879 1215 1226 0
2879 1118 1226 0
2880 -1217 -1120 -1227 0
2880 1217 1227 0
2880 1120 1227 0
2881 -1219 -1122 -1228 0
2881 1219 1228 0
2881 1122 1228 0
2882 1198 -1229 0
2882 -1198 1229 0
2883 1209 1230 0
2883 -1209 -1230 0
2884 1210 1231 0
2884 -1210 -1231 0
2885 -1210 -1114 -1232 0
2885 1210 1232 0
2885 1114 1232 0
2886 1211 1233 0
2886 -1211 -1233 0
2887 1212 1234 0
2887 -1212 -1234 0
2888 -1212 -1116 -1235 0
2888 1212 1235 0
2888 1116 1235 0
2889 1213 1236 0
2889 -1213 -1236 0
2890 1215 1237 0
2890 -1215 -1237 0
2891 1217 1238 0
2891 -1217 -1238 0
2892 1218 1239 0
2892 -1218 -1239 0
2893 -1218 -1121 -1240 0
2893 1218 1240 0
2893 1121 1240 0
2894 1219 1241 0
2894 -1219 -1241 0
2895 1216 1242 0
2895 -1216 -1242 0
2896 -1216 -1123 -1243 0
2896 1216 1243 0
2896 1123 1243 0
2897 -1201 -524 1244 0
2897 1201 -1244 0
2897 524 -1244 0
2898 1208 1245 0
2898 -1208 -1245 0
2899 -1208 -1126 -1246 0
2899 1208 1246 0
2899 1126 1246 0
2900 1204 -1247 0
2900 -1204 1247 0
2901 1204 -1248 0
2901 -1204 1248 0
2902 1214 1249 0
2902 -1214 -1249 0
2903 -1214 -1127 -1250 0
2903 1214 1250 0
2903 1127 1250 0
2904 1205 -1251 0
2904 -1205 1251 0
2905 1205 -1252 0
2905 -1205 1252 0
2906 -1198 -1221 -1253 0
2906 1198 1253 0
2906 1221 1253 0
2907 1220 1254 0
2907 -1220 -1254 0
2908 -1036 -1230 -1255 0
2908 1036 1255 0
2908 1230 1255 0
2909 -1038 -1233 -1256 0
2909 1038 1256 0
2909 1233 1256 0
2910 -1040 -1236 -1257 0
2910 1040 1257 0
2910 1236 1257 0
2911 -1042 -1237 -1258 0
2911 1042 1258 0
2911 1237 1258 0
2912 -1044 -1238 -1259 0
2912 1044 1259 0
2912 1238 1259 0
2913 -1046 -1241 -1260 0
2913 1046 1260 0
2913 1241 1260 0
2914 -1037 -1231 -1261 0
2914 1037 1261 0
2914 1231 1261 0
2915 -1039 -1234 -1262 0
2915 1039 1262 0
2915 1234 1262 0
2916 -1045 -1239 -1263 0
2916 1045 1263 0
2916 1239 1263 0
2917 -1043 -1242 -1264 0
2917 1043 1264 0
2917 1242 1264 0
2918 -1221 -397 1265 0
2918 1221 -1265 0
2918 397 -1265 0
2919 1072 1244 -1266 0
2919 -1072 1266 0
2919 -1244 1266 0
2920 -1035 -1245 -1267 0
2920 1035 1267 0
2920 1245 1267 0
2921 -1041 -1249 -1268 0
2921 1041 1268 0
2921 1249 1268 0
2922 -1253 -1254 1269 0
2922 1253 -1269 0
2922 1254 -1269 0
2923 -1255 -1223 -1270 0
2923 1255 1270 0
2923 1223 1270 0
2924 -1248 -1187 -1271 0
2924 1248 1271 0
2924 1187 1271 0
2925 -1256 -1224 -1272 0
2925 1256 1272 0
2925 1224 1272 0
2926 -1257 -1225 -1273 0
2926 1257 1273 0
2926 1225 1273 0
2927 -1258 -1226 -1274 0
2927 1258 1274 0
2927 1226 1274 0
2928 -1252 -1188 -1275 0
2928 1252 1275 0
2928 1188 1275 0
2929 -1259 -1227 -1276 0
2929 1259 1276 0
2929 1227 1276 0
2930 -1260 -1228 -1277 0
2930 1260 1277 0
2930 1228 1277 0
2931 1247 1278 0
2931 -1247 -1278 0
2932 -1247 -1186 -1279 0
2932 1247 1279 0
2932 1186 1279 0
2933 1248 1280 0
2933 -1248 -1280 0
2934 -1261 -1232 -1281 0
2934 1261 1281 0
2934 1232 1281 0
2935 -1262 -1235 -1282 0
2935 1262 1282 0
2935 1235 1282 0
2936 1252 1283 0
2936 -1252 -1283 0
2937 -1263 -1240 -1284 0
2937 1263 1284 0
2937 1240 1284 0
2938 1251 1285 0
2938 -1251 -1285 0
2939 -1251 -1189 -1286 0
2939 1251 1286 0
2939 1189 1286 0
2940 -1264 -1243 -1287 0
2940 1264 1287 0
2940 1243 1287 0
2941 -1267 -1246 -1288 0
2941 1267 1288 0
2941 1246 1288 0
2942 -1268 -1250 -1289 0
2942 1268 1289 0
2942 1250 1289 0
2943 1269 57 0
2943 -1269 -57 0
2944 1270 1290 0
2944 -1270 -1290 0
2945 -1169 -1280 -1291 0
2945 1169 1291 0
2945 1280 1291 0
2946 1272 1292 0
2946 -1272 -1292 0
2947 1273 1293 0
2947 -1273 -1293 0
2948 1274 1294 0
2948 -1274 -1294 0
2949 -1171 -1283 -1295 0
2949 1171 1295 0
2949 1283 1295 0
2950 1276 1296 0
2950 -1276 -1296 0
2951 1277 1297 0
2951 -1277 -1297 0
2952 -1168 -1278 -1298 0
2952 1168 1298 0
2952 1278 1298 0
2953 -1170 -1285 -1299 0
2953 1170 1299 0
2953 1285 1299 0
2954 1265 -1300 0
2954 -1265 1300 0
2955 1266 -1301 0
2955 -1266 1301 0
2956 1265 -1302 0
2956 -1265 1302 0
2957 -47 -1266 1303 0
2957 47 -1303 0
2957 1266 -1303 0
2958 -1290 -502 1304 0
2958 1290 -1304 0
2958 502 -1304 0
2959 -1291 -1271 -1305 0
2959 1291 1305 0
2959 1271 1305 0
2960 -1292 -504 1306 0
2960 1292 -1306 0
2960 504 -1306 0
2961 -1293 -505 1307 0
2961 1293 -1307 0
2961 505 -1307 0
2962 -1294 -506 1308 0
2962 1294 -1308 0
2962 506 -1308 0
2963 -1295 -1275 -1309 0
2963 1295 1309 0
2963 1275 1309 0
2964 -1296 -508 1310 0
2964 1296 -1310 0
2964 508 -1310 0
2965 -1297 -509 1311 0
2965 1297 -1311 0
2965 509 -1311 0
2966 -1298 -1279 -1312 0
2966 1298 1312 0
2966 1279 1312 0
2967 1281 -1313 0
2967 -1281 1313 0
2968 1281 -1314 0
2968 -1281 1314 0
2969 1282 -1315 0
2969 -1282 1315 0
2970 1282 -1316 0
2970 -1282 1316 0
2971 -1299 -1286 -1317 0
2971 1299 1317 0
2971 1286 1317 0
2972 1284 -1318 0
2972 -1284 1318 0
2973 -1287 -1193 1319 0
2973 1287 -1319 0
2973 1193 -1319 0
2974 1288 1320 0
2974 -1288 -1320 0
2975 1289 1321 0
2975 -1289 -1321 0
2976 -47 -1284 1322 0
2976 47 -1322 0
2976 1284 -1322 0
2977 1287 -1323 0
2977 -1287 1323 0
2978 1134 1304 674 1324 0
2978 -1134 -1324 0
2978 -1304 -1324 0
2978 -674 -1324 0
2979 1305 1325 0
2979 -1305 -1325 0
2980 1136 1306 676 1326 0
2980 -1136 -1326 0
2980 -1306 -1326 0
2980 -676 -1326 0
2981 1137 1307 677 1327 0
2981 -1137 -1327 0
2981 -1307 -1327 0
2981 -677 -1327 0
2982 1138 1308 999 1328 0
2982 -1138 -1328 0
2982 -1308 -1328 0
2982 -999 -1328 0
2983 1309 1329 0
2983 -1309 -1329 0
2984 1140 1310 1158 1330 0
2984 -1140 -1330 0
2984 -1310 -1330 0
2984 -1158 -1330 0
2985 1141 1311 1159 1331 0
2985 -1141 -1331 0
2985 -1311 -1331 0
2985 -1159 -1331 0
2986 -1300 -1229 1332 0
2986 1300 -1332 0
2986 1229 -1332 0
2987 -1301 -1229 1333 0
2987 1301 -1333 0
2987 1229 -1333 0
2988 1166 1319 -1334 0
2988 -1166 1334 0
2988 -1319 1334 0
2989 1303 1335 0
2989 -1303 -1335 0
2990 1300 1336 0
2990 -1300 -1336 0
2991 1300 -1337 0
2991 -1300 1337 0
2992 1302 1338 0
2992 -1302 -1338 0
2993 -1325 -503 1339 0
2993 1325 -1339 0
2993 503 -1339 0
2994 -1329 -507 1340 0
2994 1329 -1340 0
2994 507 -1340 0
2995 1312 -1341 0
2995 -1312 1341 0
2996 1220 1332 -1342 0
2996 -1220 1342 0
2996 -1332 1342 0
2997 -1301 -1316 -1314 1343 0
2997 1301 -1343 0
2997 1316 -1343 0
2997 1314 -1343 0
2998 -1301 -1315 1344 0
2998 1301 -1344 0
2998 1315 -1344 0
2999 -1318 -1287 -1317 1345 0
2999 1318 -1345 0
2999 1287 -1345 0
2999 1317 -1345 0
3000 -1318 -1287 1346 0
3000 1318 -1346 0
3000 1287 -1346 0
3001 -1300 -1315 1347 0
3001 1300 -1347 0
3001 1315 -1347 0
3002 -1314 -1191 -1348 0
3002 1314 1348 0
3002 1191 1348 0
3003 -1314 -1316 -1300 -1349 0
3003 1314 1349 0
3003 1316 1349 0
3003 1300 1349 0
3004 -1317 -1166 -1350 0
3004 1317 1350 0
3004 1166 1350 0
3005 -1317 -1287 -1193 -1351 0
3005 1317 1351 0
3005 1287 1351 0
3005 1193 1351 0
3006 -1323 -1222 -1352 0
3006 1323 1352 0
3006 1222 1352 0
3007 1323 1353 0
3007 -1323 -1353 0
3008 -47 -1266 -1336 1354 0
3008 47 -1354 0
3008 1266 -1354 0
3008 1336 -1354 0
3009 -1324 -644 1355 0
3009 1324 -1355 0
3009 644 -1355 0
3010 -1326 -648 1356 0
3010 1326 -1356 0
3010 648 -1356 0
3011 -1327 -650 1357 0
3011 1327 -1357 0
3011 650 -1357 0
3012 -1328 -652 1358 0
3012 1328 -1358 0
3012 652 -1358 0
3013 -1330 -656 1359 0
3013 1330 -1359 0
3013 656 -1359 0
3014 -1331 -658 1360 0
3014 1331 -1360 0
3014 658 -1360 0
3015 1312 -1361 0
3015 -1312 1361 0
3016 1314 -1362 0
3016 -1314 1362 0
3017 1315 -1363 0
3017 -1315 1363 0
3018 1317 -1364 0
3018 -1317 1364 0
3019 1322 -1365 0
3019 -1322 1365 0
3020 1322 -1366 0
3020 -1322 1366 0
3021 -1318 -1318 1367 0
3021 1318 -1367 0
3021 1318 -1367 0
3022 1135 1339 675 1368 0
3022 -1135 -1368 0
3022 -1339 -1368 0
3022 -675 -1368 0
3023 1139 1340 1089 1369 0
3023 -1139 -1369 0
3023 -1340 -1369 0
3023 -1089 -1369 0
3024 -47 -1344 1370 0
3024 47 -1370 0
3024 1344 -1370 0
3025 -47 -1345 1371 0
3025 47 -1371 0
3025 1345 -1371 0
3026 -1195 -1353 -1372 0
3026 1195 1372 0
3026 1353 1372 0
3027 1334 -1373 0
3027 -1334 1373 0
3028 1333 -1374 0
3028 -1333 1374 0
3029 -1194 -1348 -1349 -1375 0
3029 1194 1375 0
3029 1348 1375 0
3029 1349 1375 0
3030 1165 1347 -1376 0
3030 -1165 1376 0
3030 -1347 1376 0
3031 -1207 -1350 -1351 -1377 0
3031 1207 1377 0
3031 1350 1377 0
3031 1351 1377 0
3032 1334 -1378 0
3032 -1334 1378 0
3033 -47 -1343 1379 0
3033 47 -1379 0
3033 1343 -1379 0
3034 1354 1337 -1380 0
3034 -1354 1380 0
3034 -1337 1380 0
3035 -1301 -1341 -1314 -1316 1381 0
3035 1301 -1381 0
3035 1341 -1381 0
3035 1314 -1381 0
3035 1316 -1381 0
3036 -1341 -1164 -1382 0
3036 1341 1382 0
3036 1164 1382 0
3037 -1341 -1313 -1191 -1383 0
3037 1341 1383 0
3037 1313 1383 0
3037 1191 1383 0
3038 -1341 -1313 -1316 -1300 -1384 0
3038 1341 1384 0
3038 1313 1384 0
3038 1316 1384 0
3038 1300 1384 0
3039 1362 1385 0
3039 -1362 -1385 0
3040 -1352 -1372 -1386 0
3040 1352 1386 0
3040 1372 1386 0
3041 1365 1387 0
3041 -1365 -1387 0
3042 1366 1388 0
3042 -1366 -1388 0
3043 -1367 -222 -1389 0
3043 1367 1389 0
3043 222 1389 0
3044 1367 1390 0
3044 -1367 -1390 0
3045 1342 -1391 0
3045 -1342 1391 0
3046 1354 1337 1392 0
3046 -1354 -1392 0
3046 -1337 -1392 0
3047 -1368 -646 1393 0
3047 1368 -1393 0
3047 646 -1393 0
3048 -1369 -654 1394 0
3048 1369 -1394 0
3048 654 -1394 0
3049 1342 -1395 0
3049 -1342 1395 0
3050 1361 1396 0
3050 -1361 -1396 0
3051 1363 1397 0
3051 -1363 -1397 0
3052 -1363 -1338 -1398 0
3052 1363 1398 0
3052 1338 1398 0
3053 1364 1399 0
3053 -1364 -1399 0
3054 -47 -1346 1400 0
3054 47 -1400 0
3054 1346 -1400 0
3055 1373 1401 0
3055 -1373 -1401 0
3056 -1334 -1373 1402 0
3056 1334 -1402 0
3056 1373 -1402 0
3057 -1380 -318 1403 0
3057 1380 -1403 0
3057 318 -1403 0
3058 -1206 -1382 -1383 -1384 -1404 0
3058 1206 1404 0
3058 1382 1404 0
3058 1383 1404 0
3058 1384 1404 0
3059 1374 1405 0
3059 -1374 -1405 0
3060 1379 1406 0
3060 -1379 -1406 0
3061 1376 1407 0
3061 -1376 -1407 0
3062 -1376 -1385 -1408 0
3062 1376 1408 0
3062 1385 1408 0
3063 1377 1409 0
3063 -1377 -1409 0
3064 -1377 -1321 -1410 0
3064 1377 1410 0
3064 1321 1410 0
3065 -150 -1390 -1411 0
3065 150 1411 0
3065 1390 1411 0
3066 1375 1412 0
3066 -1375 -1412 0
3067 -1375 -1396 -1413 0
3067 1375 1413 0
3067 1396 1413 0
3068 -1302 -1397 -1414 0
3068 1302 1414 0
3068 1397 1414 0
3069 1378 1415 0
3069 -1378 -1415 0
3070 -1378 -1399 -1416 0
3070 1378 1416 0
3070 1399 1416 0
3071 1370 -1417 0
3071 -1370 1417 0
3072 1370 -1418 0
3072 -1370 1418 0
3073 1371 -1419 0
3073 -1371 1419 0
3074 1371 -1420 0
3074 -1371 1420 0
3075 -47 -1346 -1401 1421 0
3075 47 -1421 0
3075 1346 -1421 0
3075 1401 -1421 0
3076 -47 -1381 1422 0
3076 47 -1422 0
3076 1381 -1422 0
3077 -1362 -1407 -1423 0
3077 1362 1423 0
3077 1407 1423 0
3078 -1289 -1409 -1424 0
3078 1289 1424 0
3078 1409 1424 0
3079 1400 1425 0
3079 -1400 -1425 0
3080 -1389 -1411 -1426 0
3080 1389 1426 0
3080 1411 1426 0
3081 1391 1427 0
3081 -1391 -1427 0
3082 -1342 -1391 1428 0
3082 1342 -1428 0
3082 1391 -1428 0
3083 1392 -1429 0
3083 -1392 1429 0
3084 1395 1430 0
3084 -1395 -1430 0
3085 1381 -1431 0
3085 -1381 1431 0
3086 -1361 -1412 -1432 0
3086 1361 1432 0
3086 1412 1432 0
3087 -1364 -1415 -1433 0
3087 1364 1433 0
3087 1415 1433 0
3088 -1398 -1414 -1434 0
3088 1398 1434 0
3088 1414 1434 0
3089 1386 -1435 0
3089 -1386 1435 0
3090 1386 -1436 0
3090 -1386 1436 0
3091 669 1403 670 -1437 0
3091 -669 1437 0
3091 -1403 1437 0
3091 -670 1437 0
3092 669 1403 670 1438 0
3092 -669 -1438 0
3092 -1403 -1438 0
3092 -670 -1438 0
3093 1421 1402 -58 0
3093 -1421 58 0
3093 -1402 58 0
3094 -1423 -1408 -1439 0
3094 1423 1439 0
3094 1408 1439 0
3095 1417 1440 0
3095 -1417 -1440 0
3096 1418 1441 0
3096 -1418 -1441 0
3097 -1424 -1410 -1442 0
3097 1424 1442 0
3097 1410 1442 0
3098 1419 1443 0
3098 -1419 -1443 0
3099 1420 1444 0
3099 -1420 -1444 0
3100 -47 -1333 -1427 1445 0
3100 47 -1445 0
3100 1333 -1445 0
3100 1427 -1445 0
3101 1404 -1446 0
3101 -1404 1446 0
3102 1404 -1447 0
3102 -1404 1447 0
3103 -1432 -1413 -1448 0
3103 1432 1448 0
3103 1413 1448 0
3104 -1433 -1416 -1449 0
3104 1433 1449 0
3104 1416 1449 0
3105 1438 1450 0
3105 -1438 -1450 0
3106 -1431 -1405 -1451 0
3106 1431 1451 0
3106 1405 1451 0
3107 1431 1452 0
3107 -1431 -1452 0
3108 1434 1453 0
3108 -1434 -1453 0
3109 -1434 -1335 -1454 0
3109 1434 1454 0
3109 1335 1454 0
3110 1435 1455 0
3110 -1435 -1455 0
3111 -1435 -1387 -1456 0
3111 1435 1456 0
3111 1387 1456 0
3112 1436 1457 0
3112 -1436 -1457 0
3113 -1436 -1388 -1458 0
3113 1436 1458 0
3113 1388 1458 0
3114 1445 1428 1459 0
3114 -1445 -1459 0
3114 -1428 -1459 0
3115 -1426 -456 1460 0
3115 1426 -1460 0
3115 456 -1460 0
3116 -1426 -657 1461 0
3116 1426 -1461 0
3116 657 -1461 0
3117 1422 -1462 0
3117 -1422 1462 0
3118 1422 -1463 0
3118 -1422 1463 0
3119 1429 -1464 0
3119 -1429 1464 0
3120 -1437 -1450 59 0
3120 1437 -59 0
3120 1450 -59 0
3121 -1374 -1452 -1465 0
3121 1374 1465 0
3121 1452 1465 0
3122 1447 1466 0
3122 -1447 -1466 0
3123 -1447 -1320 -1467 0
3123 1447 1467 0
3123 1320 1467 0
3124 1448 1468 0
3124 -1448 -1468 0
3125 -1448 -1406 -1469 0
3125 1448 1469 0
3125 1406 1469 0
3126 -1303 -1453 -1470 0
3126 1303 1470 0
3126 1453 1470 0
3127 1449 1471 0
3127 -1449 -1471 0
3128 -1449 -1425 -1472 0
3128 1449 1472 0
3128 1425 1472 0
3129 -1365 -1455 -1473 0
3129 1365 1473 0
3129 1455 1473 0
3130 -1366 -1457 -1474 0
3130 1366 1474 0
3130 1457 1474 0
3131 1446 1475 0
3131 -1446 -1475 0
3132 -1446 -1430 -1476 0
3132 1446 1476 0
3132 1430 1476 0
3133 1439 -1477 0
3133 -1439 1477 0
3134 1439 -1478 0
3134 -1439 1478 0
3135 1442 -1479 0
3135 -1442 1479 0
3136 1442 -1480 0
3136 -1442 1480 0
3137 -1451 -1465 -1481 0
3137 1451 1481 0
3137 1465 1481 0
3138 -1288 -1466 -1482 0
3138 1288 1482 0
3138 1466 1482 0
3139 1462 1483 0
3139 -1462 -1483 0
3140 1463 1484 0
3140 -1463 -1484 0
3141 -1379 -1468 -1485 0
3141 1379 1485 0
3141 1468 1485 0
3142 -1470 -1454 -1486 0
3142 1470 1486 0
3142 1454 1486 0
3143 -1400 -1471 -1487 0
3143 1400 1487 0
3143 1471 1487 0
3144 -1473 -1456 -1488 0
3144 1473 1488 0
3144 1456 1488 0
3145 -1474 -1458 -1489 0
3145 1474 1489 0
3145 1458 1489 0
3146 1459 -1490 0
3146 -1459 1490 0
3147 1464 1491 0
3147 -1464 -1491 0
3148 1460 1461 1360 -1492 0
3148 -1460 1492 0
3148 -1461 1492 0
3148 -1360 1492 0
3149 1460 1461 1360 1493 0
3149 -1460 -1493 0
3149 -1461 -1493 0
3149 -1360 -1493 0
3150 -1395 -1475 -1494 0
3150 1395 1494 0
3150 1475 1494 0
3151 -1482 -1467 -1495 0
3151 1482 1495 0
3151 1467 1495 0
3152 -1485 -1469 -1496 0
3152 1485 1496 0
3152 1469 1496 0
3153 1477 1497 0
3153 -1477 -1497 0
3154 -1477 -1440 -1498 0
3154 1477 1498 0
3154 1440 1498 0
3155 1478 1499 0
3155 -1478 -1499 0
3156 -1478 -1441 -1500 0
3156 1478 1500 0
3156 1441 1500 0
3157 1479 1501 0
3157 -1479 -1501 0
3158 -1479 -1443 -1502 0
3158 1479 1502 0
3158 1443 1502 0
3159 1480 1503 0
3159 -1480 -1503 0
3160 -1480 -1444 -1504 0
3160 1480 1504 0
3160 1444 1504 0
3161 -1487 -1472 -1505 0
3161 1487 1505 0
3161 1472 1505 0
3162 -1494 -1476 -1506 0
3162 1494 1506 0
3162 1476 1506 0
3163 -47 -1481 1507 0
3163 47 -1507 0
3163 1481 -1507 0
3164 1489 1508 0
3164 -1489 -1508 0
3165 1493 1509 0
3165 -1493 -1509 0
3166 -1417 -1497 -1510 0
3166 1417 1510 0
3166 1497 1510 0
3167 -1418 -1499 -1511 0
3167 1418 1511 0
3167 1499 1511 0
3168 -1419 -1501 -1512 0
3168 1419 1512 0
3168 1501 1512 0
3169 -1420 -1503 -1513 0
3169 1420 1513 0
3169 1503 1513 0
3170 -1486 -452 1514 0
3170 1486 -1514 0
3170 452 -1514 0
3171 -1486 -649 1515 0
3171 1486 -1515 0
3171 649 -1515 0
3172 -1488 -455 1516 0
3172 1488 -1516 0
3172 455 -1516 0
3173 1490 -1517 0
3173 -1490 1517 0
3174 -1488 -1392 1518 0
3174 1488 -1518 0
3174 1392 -1518 0
3175 1492 -1519 0
3175 -1492 1519 0
3176 -1492 -1509 60 0
3176 1492 -60 0
3176 1509 -60 0
3177 1506 1520 0
3177 -1506 -1520 0
3178 1507 1521 0
3178 -1507 -1521 0
3179 -1510 -1498 -1522 0
3179 1510 1522 0
3179 1498 1522 0
3180 -1511 -1500 -1523 0
3180 1511 1523 0
3180 1500 1523 0
3181 -1512 -1502 -1524 0
3181 1512 1524 0
3181 1502 1524 0
3182 -1513 -1504 -1525 0
3182 1513 1525 0
3182 1504 1525 0
3183 -1508 -1491 -1526 0
3183 1508 1526 0
3183 1491 1526 0
3184 1508 1527 0
3184 -1508 -1527 0
3185 -1496 -450 1528 0
3185 1496 -1528 0
3185 450 -1528 0
3186 -1505 -454 1529 0
3186 1505 -1529 0
3186 454 -1529 0
3187 1495 -1530 0
3187 -1495 1530 0
3188 1495 -1531 0
3188 -1495 1531 0
3189 1496 -1532 0
3189 -1496 1532 0
3190 1505 -1533 0
3190 -1505 1533 0
3191 -1507 -1520 -1534 0
3191 1507 1534 0
3191 1520 1534 0
3192 -1506 -1521 -1535 0
3192 1506 1535 0
3192 1521 1535 0
3193 1525 1536 0
3193 -1525 -1536 0
3194 1517 1537 0
3194 -1517 -1537 0
3195 1518 1538 0
3195 -1518 -1538 0
3196 -1464 -1527 -1539 0
3196 1464 1539 0
3196 1527 1539 0
3197 1514 1515 1357 -1540 0
3197 -1514 1540 0
3197 -1515 1540 0
3197 -1357 1540 0
3198 1514 1515 1357 1541 0
3198 -1514 -1541 0
3198 -1515 -1541 0
3198 -1357 -1541 0
3199 1519 1542 0
3199 -1519 -1542 0
3200 1523 1543 0
3200 -1523 -1543 0
3201 -1534 -1535 -1544 0
3201 1534 1544 0
3201 1535 1544 0
3202 1530 1545 0
3202 -1530 -1545 0
3203 -1530 -1483 -1546 0
3203 1530 1546 0
3203 1483 1546 0
3204 1531 1547 0
3204 -1531 -1547 0
3205 -1531 -1484 -1548 0
3205 1531 1548 0
3205 1484 1548 0
3206 1536 1429 1549 0
3206 -1536 -1549 0
3206 -1429 -1549 0
3207 -1488 -1505 -1524 -1429 1550 0
3207 1488 -1550 0
3207 1505 -1550 0
3207 1524 -1550 0
3207 1429 -1550 0
3208 1532 1551 0
3208 -1532 -1551 0
3209 1533 1552 0
3209 -1533 -1552 0
3210 -1533 -1538 -1553 0
3210 1533 1553 0
3210 1538 1553 0
3211 -1539 -1526 -1554 0
3211 1539 1554 0
3211 1526 1554 0
3212 -1522 -451 1555 0
3212 1522 -1555 0
3212 451 -1555 0
3213 -1524 -453 1556 0
3213 1524 -1556 0
3213 453 -1556 0
3214 -1522 -1459 1557 0
3214 1522 -1557 0
3214 1459 -1557 0
3215 1541 1558 0
3215 -1541 -1558 0
3216 -1544 -488 1559 0
3216 1544 -1559 0
3216 488 -1559 0
3217 -1462 -1545 -1560 0
3217 1462 1560 0
3217 1545 1560 0
3218 -1463 -1547 -1561 0
3218 1463 1561 0
3218 1547 1561 0
3219 1549 1550 -1562 0
3219 -1549 1562 0
3219 -1550 1562 0
3220 -1543 -1537 -1563 0
3220 1543 1563 0
3220 1537 1563 0
3221 1543 1564 0
3221 -1543 -1564 0
3222 -1518 -1552 -1565 0
3222 1518 1565 0
3222 1552 1565 0
3223 1554 1566 0
3223 -1554 -1566 0
3224 1540 -1567 0
3224 -1540 1567 0
3225 1540 -1568 0
3225 -1540 1568 0
3226 -1540 -1558 61 0
3226 1540 -61 0
3226 1558 -61 0
3227 -1560 -1546 -1569 0
3227 1560 1569 0
3227 1546 1569 0
3228 -1561 -1548 -1570 0
3228 1561 1570 0
3228 1548 1570 0
3229 -1557 -1551 -1571 0
3229 1557 1571 0
3229 1551 1571 0
3230 1557 1572 0
3230 -1557 -1572 0
3231 -1517 -1564 -1573 0
3231 1517 1573 0
3231 1564 1573 0
3232 -1565 -1553 -1574 0
3232 1565 1574 0
3232 1553 1574 0
3233 -1562 -651 1575 0
3233 1562 -1575 0
3233 651 -1575 0
3234 -1566 -655 1576 0
3234 1566 -1576 0
3234 655 -1576 0
3235 671 587 1559 -1577 0
3235 -671 1577 0
3235 -587 1577 0
3235 -1559 1577 0
3236 671 587 1559 1578 0
3236 -671 -1578 0
3236 -587 -1578 0
3236 -1559 -1578 0
3237 1570 1579 0
3237 -1570 -1579 0
3238 -1532 -1572 -1580 0
3238 1532 1580 0
3238 1572 1580 0
3239 -1573 -1563 -1581 0
3239 1573 1581 0
3239 1563 1581 0
3240 -1574 -653 1582 0
3240 1574 -1582 0
3240 653 -1582 0
3241 1567 1583 0
3241 -1567 -1583 0
3242 1568 1584 0
3242 -1568 -1584 0
3243 1578 1585 0
3243 -1578 -1585 0
3244 1579 1490 1586 0
3244 -1579 -1586 0
3244 -1490 -1586 0
3245 -1522 -1496 -1569 -1490 1587 0
3245 1522 -1587 0
3245 1496 -1587 0
3245 1569 -1587 0
3245 1490 -1587 0
3246 -1571 -1580 -1588 0
3246 1571 1588 0
3246 1580 1588 0
3247 1581 1589 0
3247 -1581 -1589 0
3248 -1569 -449 1590 0
3248 1569 -1590 0
3248 449 -1590 0
3249 1556 1575 1358 -1591 0
3249 -1556 1591 0
3249 -1575 1591 0
3249 -1358 1591 0
3250 1556 1575 1358 1592 0
3250 -1556 -1592 0
3250 -1575 -1592 0
3250 -1358 -1592 0
3251 1516 1576 1359 -1593 0
3251 -1516 1593 0
3251 -1576 1593 0
3251 -1359 1593 0
3252 1516 1576 1359 1594 0
3252 -1516 -1594 0
3252 -1576 -1594 0
3252 -1359 -1594 0
3253 -1577 -1585 62 0
3253 1577 -62 0
3253 1585 -62 0
3254 1586 1587 -1595 0
3254 -1586 1595 0
3254 -1587 1595 0
3255 -1588 -645 1596 0
3255 1588 -1596 0
3255 645 -1596 0
3256 -1589 -647 1597 0
3256 1589 -1597 0
3256 647 -1597 0
3257 1529 1582 1394 -1598 0
3257 -1529 1598 0
3257 -1582 1598 0
3257 -1394 1598 0
3258 1529 1582 1394 1599 0
3258 -1529 -1599 0
3258 -1582 -1599 0
3258 -1394 -1599 0
3259 1592 1600 0
3259 -1592 -1600 0
3260 1594 1601 0
3260 -1594 -1601 0
3261 -1595 -643 1602 0
3261 1595 -1602 0
3261 643 -1602 0
3262 1593 -1603 0
3262 -1593 1603 0
3263 1591 -1604 0
3263 -1591 1604 0
3264 -1591 -1600 63 0
3264 1591 -63 0
3264 1600 -63 0
3265 1599 1605 0
3265 -1599 -1605 0
3266 -1593 -1601 64 0
3266 1593 -64 0
3266 1601 -64 0
3267 1528 1596 1393 -1606 0
3267 -1528 1606 0
3267 -1596 1606 0
3267 -1393 1606 0
3268 1528 1596 1393 1607 0
3268 -1528 -1607 0
3268 -1596 -1607 0
3268 -1393 -1607 0
3269 1555 1597 1356 -1608 0
3269 -1555 1608 0
3269 -1597 1608 0
3269 -1356 1608 0
3270 1555 1597 1356 1609 0
3270 -1555 -1609 0
3270 -1597 -1609 0
3270 -1356 -1609 0
3271 -1493 -1594 -1599 -1592 1610 0
3271 1493 -1610 0
3271 1594 -1610 0
3271 1599 -1610 0
3271 1592 -1610 0
3272 1598 -1611 0
3272 -1598 1611 0
3273 -1598 -1605 65 0
3273 1598 -65 0
3273 1605 -65 0
3274 1590 1602 1355 -1612 0
3274 -1590 1612 0
3274 -1602 1612 0
3274 -1355 1612 0
3275 1590 1602 1355 1613 0
3275 -1590 -1613 0
3275 -1602 -1613 0
3275 -1355 -1613 0
3276 -1603 -1542 -1614 0
3276 1603 1614 0
3276 1542 1614 0
3277 1603 1615 0
3277 -1603 -1615 0
3278 1604 1616 0
3278 -1604 -1616 0
3279 -1606 -1606 66 0
3279 1606 -66 0
3279 1606 -66 0
3280 1609 1617 0
3280 -1609 -1617 0
3281 -1519 -1615 -1618 0
3281 1519 1618 0
3281 1615 1618 0
3282 1611 1619 0
3282 -1611 -1619 0
3283 -1611 -1616 -1620 0
3283 1611 1620 0
3283 1616 1620 0
3284 1608 -1621 0
3284 -1608 1621 0
3285 -1606 -223 1622 0
3285 1606 -1622 0
3285 223 -1622 0
3286 1606 -1623 0
3286 -1606 1623 0
3287 -1612 -1612 67 0
3287 1612 -67 0
3287 1612 -67 0
3288 -1608 -1617 68 0
3288 1608 -68 0
3288 1617 -68 0
3289 -1614 -1618 -1624 0
3289 1614 1624 0
3289 1618 1624 0
3290 -1604 -1619 -1625 0
3290 1604 1625 0
3290 1619 1625 0
3291 -223 -1612 1626 0
3291 223 -1626 0
3291 1612 -1626 0
3292 -1541 -1609 -1607 -1613 1627 0
3292 1541 -1627 0
3292 1609 -1627 0
3292 1607 -1627 0
3292 1613 -1627 0
3293 -1607 -1613 -224 1628 0
3293 1607 -1628 0
3293 1613 -1628 0
3293 224 -1628 0
3294 1612 -1629 0
3294 -1612 1629 0
3295 -1625 -1620 -1630 0
3295 1625 1630 0
3295 1620 1630 0
3296 1621 -1631 0
3296 -1621 1631 0
3297 1621 -1632 0
3297 -1621 1632 0
3298 1623 1633 0
3298 -1623 -1633 0
3299 1622 -1634 0
3299 -1622 1634 0
3300 1622 -1635 0
3300 -1622 1635 0
3301 -1610 -1627 1636 0
3301 1610 -1636 0
3301 1627 -1636 0
3302 -1610 -1627 1637 0
3302 1610 -1637 0
3302 1627 -1637 0
3303 1624 -1638 0
3303 -1624 1638 0
3304 1624 -1639 0
3304 -1624 1639 0
3305 1629 1640 0
3305 -1629 -1640 0
3306 -1629 -1633 -1641 0
3306 1629 1641 0
3306 1633 1641 0
3307 1626 -1642 0
3307 -1626 1642 0
3308 1626 -1643 0
3308 -1626 1643 0
3309 1636 69 0
3309 -1636 -69 0
3310 1628 1637 1644 0
3310 -1628 -1644 0
3310 -1637 -1644 0
3311 -1631 -1583 -1645 0
3311 1631 1645 0
3311 1583 1645 0
3312 1631 1646 0
3312 -1631 -1646 0
3313 -1632 -1584 -1647 0
3313 1632 1647 0
3313 1584 1647 0
3314 1632 1648 0
3314 -1632 -1648 0
3315 1634 1649 0
3315 -1634 -1649 0
3316 1635 1650 0
3316 -1635 -1650 0
3317 1630 -1651 0
3317 -1630 1651 0
3318 1630 -1652 0
3318 -1630 1652 0
3319 -1623 -1640 -1653 0
3319 1623 1653 0
3319 1640 1653 0
3320 -27 -1644 1654 0
3320 27 -1654 0
3320 1644 -1654 0
3321 1638 1655 0
3321 -1638 -1655 0
3322 1639 1656 0
3322 -1639 -1656 0
3323 -1567 -1646 -1657 0
3323 1567 1657 0
3323 1646 1657 0
3324 -1568 -1648 -1658 0
3324 1568 1658 0
3324 1648 1658 0
3325 1642 1659 0
3325 -1642 -1659 0
3326 -1642 -1649 -1660 0
3326 1642 1660 0
3326 1649 1660 0
3327 -1643 -1650 -1661 0
3327 1643 1661 0
3327 1650 1661 0
3328 1643 1662 0
3328 -1643 -1662 0
3329 -1641 -1653 -1663 0
3329 1641 1663 0
3329 1653 1663 0
3330 1654 70 0
3330 -1654 -70 0
3331 -1651 -1655 -1664 0
3331 1651 1664 0
3331 1655 1664 0
3332 1651 1665 0
3332 -1651 -1665 0
3333 -1652 -1656 -1666 0
3333 1652 1666 0
3333 1656 1666 0
3334 1652 1667 0
3334 -1652 -1667 0
3335 -1645 -1657 -1668 0
3335 1645 1668 0
3335 1657 1668 0
3336 -1647 -1658 -1669 0
3336 1647 1669 0
3336 1658 1669 0
3337 -1634 -1659 -1670 0
3337 1634 1670 0
3337 1659 1670 0
3338 -1635 -1662 -1671 0
3338 1635 1671 0
3338 1662 1671 0
3339 -1638 -1665 -1672 0
3339 1638 1672 0
3339 1665 1672 0
3340 -1639 -1667 -1673 0
3340 1639 1673 0
3340 1667 1673 0
3341 1669 1674 0
3341 -1669 -1674 0
3342 1663 1675 0
3342 -1663 -1675 0
3343 -1670 -1660 -1676 0
3343 1670 1676 0
3343 1660 1676 0
3344 -1671 -1661 -1677 0
3344 1671 1677 0
3344 1661 1677 0
3345 -1664 -1672 -1678 0
3345 1664 1678 0
3345 1672 1678 0
3346 -1666 -1673 -1679 0
3346 1666 1679 0
3346 1673 1679 0
3347 1677 1680 0
3347 -1677 -1680 0
3348 1668 -1681 0
3348 -1668 1681 0
3349 -1668 -1676 -525 1682 0
3349 1668 -1682 0
3349 1676 -1682 0
3349 525 -1682 0
3350 -1674 -1676 -526 1683 0
3350 1674 -1683 0
3350 1676 -1683 0
3350 526 -1683 0
3351 1679 1684 0
3351 -1679 -1684 0
3352 1681 1685 0
3352 -1681 -1685 0
3353 -1681 -1675 -1686 0
3353 1681 1686 0
3353 1675 1686 0
3354 -1668 -1680 -526 1687 0
3354 1668 -1687 0
3354 1680 -1687 0
3354 526 -1687 0
3355 -1674 -1680 -525 1688 0
3355 1674 -1688 0
3355 1680 -1688 0
3355 525 -1688 0
3356 1678 -1689 0
3356 -1678 1689 0
3357 1678 -1690 0
3357 -1678 1690 0
3358 -1663 -1685 -1691 0
3358 1663 1691 0
3358 1685 1691 0
3359 1682 1687 1683 1688 -1692 0
3359 -1682 1692 0
3359 -1687 1692 0
3359 -1683 1692 0
3359 -1688 1692 0
3360 1684 -1693 0
3360 -1684 1693 0
3361 1684 -1694 0
3361 -1684 1694 0
3362 -1691 -1686 -1695 0
3362 1691 1695 0
3362 1686 1695 0
3363 1690 1696 0
3363 -1690 -1696 0
3364 1689 1697 0
3364 -1689 -1697 0
3365 1694 1698 0
3365 -1694 -1698 0
3366 1693 1699 0
3366 -1693 -1699 0
3367 1692 -1700 0
3367 -1692 1700 0
3368 1692 -1701 0
3368 -1692 1701 0
3369 1695 -1702 0
3369 -1695 1702 0
3370 1695 -1703 0
3370 -1695 1703 0
3371 -1700 -1699 -1704 0
3371 1700 1704 0
3371 1699 1704 0
3372 -1701 -1698 -1705 0
3372 1701 1705 0
3372 1698 1705 0
3373 1701 1706 0
3373 -1701 -1706 0
3374 1700 1707 0
3374 -1700 -1707 0
3375 -1702 -1697 -1708 0
3375 1702 1708 0
3375 1697 1708 0
3376 -1703 -1696 -1709 0
3376 1703 1709 0
3376 1696 1709 0
3377 -1693 -1707 -1710 0
3377 1693 1710 0
3377 1707 1710 0
3378 -1694 -1706 -1711 0
3378 1694 1711 0
3378 1706 1711 0
3379 1703 1712 0
3379 -1703 -1712 0
3380 1702 1713 0
3380 -1702 -1713 0
3381 -1689 -1713 -1714 0
3381 1689 1714 0
3381 1713 1714 0
3382 -1690 -1712 -1715 0
3382 1690 1715 0
3382 1712 1715 0
3383 -1710 -1704 -1716 0
3383 1710 1716 0
3383 1704 1716 0
3384 -1711 -1705 -1717 0
3384 1711 1717 0
3384 1705 1717 0
3385 -1708 -1714 -1718 0
3385 1708 1718 0
3385 1714 1718 0
3386 -1709 -1715 -1719 0
3386 1709 1719 0
3386 1715 1719 0
3387 -1716 -1717 71 0
3387 1716 -71 0
3387 1717 -71 0
3388 -1718 -1719 -72 0
3388 1718 72 0
3388 1719 72 0

-2722 -2729 -2730 -2739 -2763 -2769 -2784 -2785 -2786 -2787 -2788 -2789 -2790 -2791 -2792 -2794 -2795 -2796 -2798 -2799 -2808 -2809 -2814 -2815 -2816 -2817 -1829 -2825 -2826 -1831 -2841 -2843 -2875 -2897 -2918 -2922 -2957 -2958 -2960 -2961 -2962 -2964 -2965 -2973 -2976 -2986 -2987 -2993 -2994 -2998 -3000 -3001 -3009 -3010 -3011 -3012 -3013 -3014 -3021 -3024 -3025 -3033 -3047 -3048 -3054 -3056 -3057 -3076 -3082 -3115 -3116 -3120 -3163 -3170 -3171 -3172 -3174 -3176 -3185 -3186 -3212 -3213 -3214 -3216 -3226 -3233 -3234 -3240 -3248 -3253 -3255 -3256 -3261 -3264 -3266 -3273 -3279 -3285 -3287 -3288 -3291 -3301 -3302 -3320 -3387 -1895 -1896 -1898 -1899 -1901 -1903 -1904 -1906 -1907 -1909 -1910 -1912 -1914 -1915 -1917 -1918 -1919 -1920 -1921 -1922 -1923 -1924 -1925 -1926 -1942 -1946 -1951 -1968 -1744 -1969 -1970 -1971 -1972 -1973 -1974 -1975 -1976 -1977 -1978 -1979 -1980 -1981 -1982 -1983 -1984 -1985 -1986 -1987 -2001 -2003 -2005 -2007 -2009 -2011 -2013 -2015 -2016 -2019 -2022 -2025 -2028 -2031 -2034 -2037 -1751 -2040 -2060 -2063 -2070 -2071 -2072 -2073 -2074 -2075 -2076 -2077 -2078 -2079 -2080 -2081 -2082 -2083 -2084 -2085 -2116 -2122 -2126 -2129 -2135 -2137 -2148 -2167 -2168 -2169 -2170 -2171 -2172 -2174 -2186 -2188 -2189 -2190 -2191 -2192 -2193 -2194 -2197 -2198 -2199 -2202 -2205 -2208 -2211 -2214 -2217 -2220 -2223 -2235 -2236 -2237 -2238 -1772 -2256 -2258 -2260 -2262 -2264 -2266 -2268 -1774 -2270 -2293 -2295 -2297 -2299 -2301 -2303 -2305 -2307 -2318 -2319 -2320 -2323 -2324 -2325 -2326 -2333 -2465 -2477 -2486 -2487 -2488 -2489 -2490 -2491 -2500 -2501 -2502 -2503 -2504 -2505 -2506 -2507 -2508 -1798 -2509 -2510 -2511 -2512 -2513 -2514 -2515 -2516 -2517 -2518 -2519 -2520 -2521 -2522 -2523 -2524 -2525 -2526 -2527 -2528 -2529 -2530 -2531 -2532 -2533 -2534 -2535 -2536 -2537 -2538 -2539 -2540 -2541 -2542 -2543 -2544 -2545 -2546 -2547 -2548 -2549 -2550 -2551 -2552 -2553 -2554 -2555 -2556 -2557 -2558 -1803 -2559 -2560 -2561 -2562 -2563 -2564 -2565 -2566 -2567 -2568 -2569 -2570 -2571 -2572 -2573 -2574 -2575 -2576 -2577 -2578 -2579 -2580 -2581 -2582 -2583 -2584 -2585 -2586 -2587 -2588 -2589 -2590 -2591 -2592 -2593 -2594 -2595 -2596 -2597 -2598 -2599 -2600 -2601 -2602 -2603 -2604 -2605 -2606 -2607 -2608 -2609 -2610 -2611 -2612 -2613 -2614 -2615 -2616 -2617 -2618 -2619 -2620 -2621 -2622 -2623 -2624 -2625 -2626 -2627 -2630 -2631 -2632 -2649 -2700 -2701 -2702 -2703 -2704 -2705 -2706 -2707 -2708 -2709 -2710 -2711 -2712 -2713 -2714 -2715 -2742 -2743 -2744 -2745 -2753 -2754 -2755 -2756 -1830 -1832 -1839 -2997 -2999 -3008 -3075 -3100 -1867 -3293 -3349 -3350 -3354 -3355 -1927 -1928 -2042 -2044 -2090 -2091 -2092 -2093 -2094 -2095 -2096 -2097 -2187 -2200 -2201 -2203 -2204 -2206 -2207 -2209 -2210 -2212 -2213 -2215 -2216 -2218 -2219 -2221 -2222 -1805 -2650 -2651 -2652 -2653 -2656 -2657 -2658 -2659 -2660 -2661 -2662 -2663 -2664 -2665 -2666 -2667 -2670 -2671 -2672 -2673 -2674 -2675 -2676 -2677 -2849 -2852 -3035 -3207 -3245 -3271 -3292 -1889 -1890 -2120 -2496 -2628 -1720 -1729 -1821 -1824 -2774 -2775 -1825 -1826 -1827 -1828 -2818 -1730 -2819 -2820 -2821 -2827 -2828 -2829 -2830 -2831 -2832 -2842 -2844 -2846 -2855 -2856 -2859 -2860 -2861 -2862 -2863 -2864 -2865 -2866 -2867 -2868 -2869 -2870 -1835 -2882 -2900 -2901 -2904 -2905 -2954 -2955 -2956 -2967 -2968 -2969 -2970 -2972 -2977 -2991 -2995 -3015 -3016 -3017 -3018 -1732 -3019 -3020 -3027 -3028 -3032 -3045 -1852 -3049 -1854 -3071 -3072 -3073 -3074 -1855 -3083 -3085 -3089 -3090 -3101 -3102 -3117 -3118 -3119 -3133 -3134 -3135 -3136 -3146 -3173 -3175 -3187 -3188 -3189 -3190 -1734 -3224 -3225 -3262 -3263 -3272 -3284 -3286 -1876 -3294 -3296 -3297 -3299 -3300 -3303 -3304 -3307 -3308 -1878 -3317 -3318 -1879 -1880 -1881 -3348 -1882 -3356 -3357 -1883 -3360 -3361 -3367 -3368 -1884 -3369 -3370 -1885 -1886 -1887 -1736 -1740 -1742 -1746 -1722 -1749 -2046 -1754 -2086 -2088 -1757 -1759 -2130 -2131 -1761 -2149 -2150 -1763 -2173 -2176 -2177 -2178 -2179 -1766 -1767 -1768 -1724 -1770 -2239 -2240 -2241 -2242 -2243 -2244 -2245 -2246 -2247 -2248 -2249 -2250 -2251 -2252 -2253 -2254 -2330 -1781 -1783 -1784 -1785 -1786 -1787 -1788 -1726 -1789 -1790 -1791 -1792 -1793 -2462 -2466 -2468 -1794 -2471 -2474 -2478 -1795 -2480 -2483 -1796 -1797 -1727 -2629 -2679 -2680 -2681 -2682 -2683 -2684 -2685 -2686 -2687 -2688 -2689 -2690 -2691 -2692 -2693 -2694 -2695 -2696 -1819 -1820 -2778 -2779 -2780 -2781 -2802 -2803 -2804 -2806 -2822 -2823 -2824 -2833 -2834 -2835 -2836 -1834 -2871 -2876 -2877 -2878 -2879 -2880 -2881 -2885 -2888 -2893 -2896 -2899 -2903 -2906 -2908 -2909 -2910 -2911 -2912 -2913 -2914 -2915 -2916 -2917 -2920 -2921 -2923 -2924 -2925 -2926 -2927 -2928 -2929 -2930 -2932 -2934 -2935 -2937 -2939 -2940 -2941 -2942 -2945 -2949 -2952 -2953 -2959 -2963 -2966 -2971 -3002 -3004 -3006 -3026 -3036 -3040 -3043 -3052 -3062 -3064 -3065 -3067 -3068 -3070 -3077 -3078 -3080 -3086 -3087 -3088 -3094 -3097 -3103 -3104 -3106 -3109 -3111 -3113 -3121 -3123 -3125 -3126 -3128 -3129 -3130 -3132 -3137 -3138 -3141 -3142 -3143 -3144 -3145 -3150 -3151 -3152 -3154 -3156 -3158 -3160 -3161 -3162 -3166 -3167 -3168 -3169 -3179 -3180 -3181 -3182 -3183 -3191 -3192 -3196 -3201 -3203 -3205 -3210 -3211 -3217 -3218 -3220 -3222 -3227 -3228 -3229 -3231 -3232 -3238 -3239 -3246 -3276 -3281 -3283 -3289 -3290 -3295 -3306 -3311 -3313 -3319 -3323 -3324 -3326 -3327 -3329 -3331 -3333 -3335 -3336 -3337 -3338 -3339 -3340 -3343 -3344 -3345 -3346 -3353 -3358 -3362 -3371 -3372 -3375 -3376 -3377 -3378 -3381 -3382 -3383 -3384 -3385 -3386 -3388 -1888 -1891 -1892 -1893 -1894 -1937 -1938 -1939 -1940 -1943 -1944 -1945 -1947 -1949 -1952 -1954 -1957 -1958 -1961 -1963 -1988 -1989 -1992 -2041 -2047 -2048 -2050 -2058 -2059 -2061 -2062 -2106 -2107 -2108 -2109 -2110 -2111 -2112 -2118 -2119 -2132 -2133 -2138 -2139 -2140 -2141 -2142 -2143 -2144 -2145 -2175 -2180 -2181 -2182 -2183 -2184 -2185 -2228 -1773 -1777 -2310 -2311 -2312 -2313 -2314 -2315 -2316 -2317 -2328 -2329 -2331 -2332 -2497 -1806 -1807 -1808 -1809 -1810 -1811 -1812 -1813 -1818 -2850 -2853 -1833 -1836 -1837 -1840 -3003 -3005 -3029 -3031 -3037 -1959 -1990 -1991 -2043 -2045 -1778 -2851 -2854 -2872 -2873 -3038 -3058 -1960 -2741 -2748 -2750 -2752 -2759 -2761 -2811 -2813 -1851 -3046 -3114 -3206 -1871 -3244 -3310 -2017 -2020 -2023 -2026 -2029 -2032 -2035 -2038 -2697 -2699 -2978 -2980 -2981 -2982 -2984 -2985 -3022 -3023 -3092 -3149 -3198 -3236 -3250 -3252 -3258 -3268 -3270 -3275 -2272 -2276 -2279 -2282 -2286 -2289 -2309 -2655 -2669 -2633 -2634 -2635 -2636 -2637 -2638 -2639 -2640 -2641 -2642 -2643 -2644 -2645 -2646 -2647 -2648 -2723 -2724 -2725 -2726 -2727 -2728 -2746 -1822 -2757 -1823 -2762 -2764 -2765 -2766 -2767 -2768 -2770 -2771 -2772 -2773 -2776 -2777 -2800 -2801 -2805 -2807 -2837 -2838 -2839 -2840 -2845 -2847 -2848 -2857 -2858 -2874 -2883 -2884 -2886 -2887 -2889 -2890 -2891 -2892 -2894 -2895 -2898 -2902 -2907 -1838 -1731 -2931 -2933 -2936 -2938 -1841 -2943 -2944 -2946 -2947 -2948 -1842 -2950 -2951 -1843 -1844 -2974 -2975 -1845 -2979 -2983 -1846 -2989 -2990 -2992 -1847 -3007 -1848 -1849 -3039 -3041 -3042 -3044 -3050 -3051 -3053 -3055 -1853 -3059 -3060 -3061 -3063 -3066 -3069 -3079 -3081 -3084 -1856 -3095 -3096 -3098 -1857 -3099 -3105 -3107 -3108 -1858 -3110 -3112 -1733 -1859 -3122 -3124 -3127 -1860 -3131 -1861 -3139 -3140 -3147 -1862 -3153 -3155 -3157 -1863 -3159 -3164 -3165 -3177 -3178 -1865 -3184 -1866 -3193 -3194 -3195 -3199 -3200 -3202 -3204 -3208 -1868 -3209 -3215 -1869 -3221 -3223 -3230 -3237 -3241 -3242 -3243 -3247 -1872 -1873 -3259 -3260 -3265 -1874 -3277 -3278 -1875 -3280 -3282 -3298 -1877 -3305 -3309 -3312 -3314 -3315 -3316 -1735 -3321 -3322 -3325 -3328 -3330 -3332 -3334 -3341 -3342 -3347 -3351 -3352 -3363 -3364 -3365 -3366 -3373 -3374 -3379 -3380 -1897 -1737 -1900 -1902 -1905 -1908 -1911 -1913 -1916 -1721 -1739 -1929 -1930 -1931 -1932 -1933 -1934 -1935 -1936 -1741 -1941 -1948 -1950 -1953 -1955 -1956 -1743 -1962 -1964 -1965 -1966 -1967 -1745 -1993 -1994 -1995 -1996 -1997 -1998 -1747 -1999 -2000 -2002 -2004 -2006 -2008 -1748 -2010 -2012 -2014 -2018 -2021 -2024 -2027 -1750 -2030 -2033 -2036 -2039 -1752 -2049 -2051 -2052 -2053 -2054 -2055 -2056 -2057 -1755 -2087 -1756 -2089 -2098 -2099 -2100 -2101 -2102 -2103 -2104 -2105 -1758 -2113 -2114 -2115 -2117 -1723 -2121 -2123 -2124 -2125 -2127 -2128 -1760 -2134 -2136 -2146 -2147 -1762 -2151 -2152 -2153 -2154 -2155 -2156 -2157 -2158 -1764 -1765 -2195 -2196 -1769 -2224 -2225 -2226 -2227 -2229 -2230 -2231 -2232 -2234 -1771 -2255 -2257 -2259 -2261 -2263 -2265 -2267 -2269 -1775 -2291 -2292 -2294 -2296 -2298 -2300 -2302 -2304 -2306 -1725 -1779 -2327 -1780 -2334 -2335 -2336 -2337 -2338 -2339 -2340 -2341 -2342 -2343 -2344 -2345 -2346 -2347 -2348 -1782 -2349 -2350 -2351 -2352 -2353 -2354 -2355 -2356 -2357 -2358 -2359 -2360 -2361 -2362 -2363 -2364 -2365 -2366 -2367 -2368 -2369 -2370 -2371 -2372 -2373 -2374 -2375 -2376 -2377 -2378 -2379 -2380 -2381 -2382 -2383 -2384 -2385 -2386 -2387 -2388 -2389 -2390 -2391 -2392 -2393 -2394 -2395 -2396 -2397 -2398 -2399 -2400 -2401 -2402 -2403 -2404 -2405 -2406 -2407 -2408 -2409 -2410 -2411 -2412 -2413 -2414 -2415 -2416 -2417 -2418 -2419 -2420 -2421 -2422 -2423 -2424 -2425 -2426 -2427 -2428 -2429 -2430 -2431 -2432 -2433 -2434 -2435 -2436 -2437 -2438 -2439 -2440 -2441 -2442 -2443 -2444 -2445 -2446 -2447 -2448 -2449 -2450 -2451 -2452 -2453 -2454 -2455 -2456 -2457 -2458 -2459 -2460 -2461 -2463 -2464 -2467 -2469 -2470 -2472 -2473 -2475 -2476 -2479 -2481 -2482 -2484 -2485 -2492 -2493 -2494 -2495 -2498 -1801 -1728 -1814 -1815 -1816 -1817 -2732 -2733 -2734 -2735 -2736 -2737 -2738 -2740 -2747 -2749 -2751 -2758 -2760 -2810 -2812 -2919 -2988 -2996 -1850 -3030 -3034 -3093 -1864 -3219 -1870 -3254 -1738 -1753 -2233 -1776 -1799 -1800 -1802 -1804 -2678 -2719 -2720 -2721 -2731 -2782 -2783 -2793 -2797 -3091 -3148 -3197 -3235 -3249 -3251 -3257 -3267 -3269 -3274 -2064 -2065 -2066 -2067 -2068 -2069 -2159 -2160 -2161 -2162 -2163 -2164 -2165 -2166 -2271 -2273 -2274 -2275 -2277 -2278 -2280 -2281 -2283 -2284 -2285 -2287 -2288 -2290 -2308 -2321 -2322 -2499 -2654 -2668 -2698 -2716 -2717 -2718 -3359 0