3 0
4 0
11 0
14 0
17 0
18 0
19 0
20 0
22 0
23 0
26 0
30 0
31 0
34 0
37 0
39 0
41 0
42 0
43 0
49 0
50 0
53 0
55 0
56 0
57 0
58 0
60 0
61 0
62 0
65 0
71 0
-73 0
-72 0
-70 0
-69 0
-68 0
-67 0
-66 0
-64 0
-63 0
-59 0
-54 0
-52 0
-51 0
-48 0
-47 0
-46 0
-45 0
-44 0
-40 0
-38 0
-36 0
-35 0
-33 0
-32 0
-29 0
-28 0
-27 0
-25 0
-24 0
-21 0
-16 0
-15 0
-13 0
-12 0
-10 0
-9 0
-8 0
-7 0
-6 0
-5 0
-2 0
-1 0

588 -33 -41 74 0
588 33 -74 0
588 41 -74 0
589 -34 -41 75 0
589 34 -75 0
589 41 -75 0
590 -35 -41 76 0
590 35 -76 0
590 41 -76 0
591 -36 -41 77 0
591 36 -77 0
591 41 -77 0
592 -37 -41 78 0
592 37 -78 0
592 41 -78 0
593 -38 -41 79 0
593 38 -79 0
593 41 -79 0
594 -39 -41 80 0
594 39 -80 0
594 41 -80 0
595 -40 -41 81 0
595 40 -81 0
595 41 -81 0
596 -1 -2 -82 0
596 1 82 0
596 2 82 0
597 -3 -4 -83 0
597 3 83 0
597 4 83 0
598 -5 -6 -84 0
598 5 84 0
598 6 84 0
599 -7 -8 -85 0
599 7 85 0
599 8 85 0
600 -9 -10 -86 0
600 9 86 0
600 10 86 0
601 -11 -12 -87 0
601 11 87 0
601 12 87 0
602 -13 -14 -88 0
602 13 88 0
602 14 88 0
603 -15 -16 -89 0
603 15 89 0
603 16 89 0
604 -17 -18 -90 0
604 17 90 0
604 18 90 0
605 -19 -20 -91 0
605 19 91 0
605 20 91 0
606 -21 -22 -92 0
606 21 92 0
606 22 92 0
607 -23 -24 -93 0
607 23 93 0
607 24 93 0
608 -25 -26 -94 0
608 25 94 0
608 26 94 0
609 -27 -28 -95 0
609 27 95 0
609 28 95 0
610 -29 -30 -96 0
610 29 96 0
610 30 96 0
611 -31 -32 -97 0
611 31 97 0
611 32 97 0
612 -1 -5 -98 0
612 1 98 0
612 5 98 0
613 -9 -13 -99 0
613 9 99 0
613 13 99 0
614 -2 -6 -100 0
614 2 100 0
614 6 100 0
615 -10 -14 -101 0
615 10 101 0
615 14 101 0
616 -3 -7 -102 0
616 3 102 0
616 7 102 0
617 -11 -15 -103 0
617 11 103 0
617 15 103 0
618 -4 -8 -104 0
618 4 104 0
618 8 104 0
619 -12 -16 -105 0
619 12 105 0
619 16 105 0
620 -17 -21 -106 0
620 17 106 0
620 21 106 0
621 -25 -29 -107 0
621 25 107 0
621 29 107 0
622 -18 -22 -108 0
622 18 108 0
622 22 108 0
623 -26 -30 -109 0
623 26 109 0
623 30 109 0
624 -19 -23 -110 0
624 19 110 0
624 23 110 0
625 -27 -31 -111 0
625 27 111 0
625 31 111 0
626 -20 -24 -112 0
626 20 112 0
626 24 112 0
627 -28 -32 -113 0
627 28 113 0
627 32 113 0
628 -1 -82 -114 0
628 1 114 0
628 82 114 0
629 -2 -82 -115 0
629 2 115 0
629 82 115 0
630 -3 -83 -116 0
630 3 116 0
630 83 116 0
631 -4 -83 -117 0
631 4 117 0
631 83 117 0
632 -5 -84 -118 0
632 5 118 0
632 84 118 0
633 -6 -84 -119 0
633 6 119 0
633 84 119 0
634 -7 -85 -120 0
634 7 120 0
634 85 120 0
635 -8 -85 -121 0
635 8 121 0
635 85 121 0
636 -9 -86 -122 0
636 9 122 0
636 86 122 0
637 -10 -86 -123 0
637 10 123 0
637 86 123 0
638 -11 -87 -124 0
638 11 124 0
638 87 124 0
639 -12 -87 -125 0
639 12 125 0
639 87 125 0
640 -13 -88 -126 0
640 13 126 0
640 88 126 0
641 -14 -88 -127 0
641 14 127 0
641 88 127 0
642 -15 -89 -128 0
642 15 128 0
642 89 128 0
643 -16 -89 -129 0
643 16 129 0
643 89 129 0
644 -17 -90 -130 0
644 17 130 0
644 90 130 0
645 -18 -90 -131 0
645 18 131 0
645 90 131 0
646 -19 -91 -132 0
646 19 132 0
646 91 132 0
647 -20 -91 -133 0
647 20 133 0
647 91 133 0
648 -21 -92 -134 0
648 21 134 0
648 92 134 0
649 -22 -92 -135 0
649 22 135 0
649 92 135 0
650 -23 -93 -136 0
650 23 136 0
650 93 136 0
651 -24 -93 -137 0
651 24 137 0
651 93 137 0
652 -25 -94 -138 0
652 25 138 0
652 94 138 0
653 -26 -94 -139 0
653 26 139 0
653 94 139 0
654 -27 -95 -140 0
654 27 140 0
654 95 140 0
655 -28 -95 -141 0
655 28 141 0
655 95 141 0
656 -29 -96 -142 0
656 29 142 0
656 96 142 0
657 -30 -96 -143 0
657 30 143 0
657 96 143 0
658 -31 -97 -144 0
658 31 144 0
658 97 144 0
659 -32 -97 -145 0
659 32 145 0
659 97 145 0
660 -1 -98 -146 0
660 1 146 0
660 98 146 0
661 -5 -98 -147 0
661 5 147 0
661 98 147 0
662 -9 -99 -148 0
662 9 148 0
662 99 148 0
663 -13 -99 -149 0
663 13 149 0
663 99 149 0
664 -2 -100 -150 0
664 2 150 0
664 100 150 0
665 -6 -100 -151 0
665 6 151 0
665 100 151 0
666 -10 -101 -152 0
666 10 152 0
666 101 152 0
667 -14 -101 -153 0
667 14 153 0
667 101 153 0
668 -3 -102 -154 0
668 3 154 0
668 102 154 0
669 -7 -102 -155 0
669 7 155 0
669 102 155 0
670 -11 -103 -156 0
670 11 156 0
670 103 156 0
671 -15 -103 -157 0
671 15 157 0
671 103 157 0
672 -4 -104 -158 0
672 4 158 0
672 104 158 0
673 -8 -104 -159 0
673 8 159 0
673 104 159 0
674 -12 -105 -160 0
674 12 160 0
674 105 160 0
675 -16 -105 -161 0
675 16 161 0
675 105 161 0
676 -17 -106 -162 0
676 17 162 0
676 106 162 0
677 -21 -106 -163 0
677 21 163 0
677 106 163 0
678 -25 -107 -164 0
678 25 164 0
678 107 164 0
679 -29 -107 -165 0
679 29 165 0
679 107 165 0
680 -18 -108 -166 0
680 18 166 0
680 108 166 0
681 -22 -108 -167 0
681 22 167 0
681 108 167 0
682 -26 -109 -168 0
682 26 168 0
682 109 168 0
683 -30 -109 -169 0
683 30 169 0
683 109 169 0
684 -19 -110 -170 0
684 19 170 0
684 110 170 0
685 -23 -110 -171 0
685 23 171 0
685 110 171 0
686 -27 -111 -172 0
686 27 172 0
686 111 172 0
687 -31 -111 -173 0
687 31 173 0
687 111 173 0
688 -20 -112 -174 0
688 20 174 0
688 112 174 0
689 -24 -112 -175 0
689 24 175 0
689 112 175 0
690 -28 -113 -176 0
690 28 176 0
690 113 176 0
691 -32 -113 -177 0
691 32 177 0
691 113 177 0
692 -114 -115 -178 0
692 114 178 0
692 115 178 0
693 -116 -117 -179 0
693 116 179 0
693 117 179 0
694 -118 -119 -180 0
694 118 180 0
694 119 180 0
695 -120 -121 -181 0
695 120 181 0
695 121 181 0
696 -122 -123 -182 0
696 122 182 0
696 123 182 0
697 -124 -125 -183 0
697 124 183 0
697 125 183 0
698 -126 -127 -184 0
698 126 184 0
698 127 184 0
699 -128 -129 -185 0
699 128 185 0
699 129 185 0
700 -130 -131 -186 0
700 130 186 0
700 131 186 0
701 -132 -133 -187 0
701 132 187 0
701 133 187 0
702 -134 -135 -188 0
702 134 188 0
702 135 188 0
703 -136 -137 -189 0
703 136 189 0
703 137 189 0
704 -138 -139 -190 0
704 138 190 0
704 139 190 0
705 -140 -141 -191 0
705 140 191 0
705 141 191 0
706 -142 -143 -192 0
706 142 192 0
706 143 192 0
707 -144 -145 -193 0
707 144 193 0
707 145 193 0
708 -146 -147 -194 0
708 146 194 0
708 147 194 0
709 -148 -149 -195 0
709 148 195 0
709 149 195 0
710 -150 -151 -196 0
710 150 196 0
710 151 196 0
711 -152 -153 -197 0
711 152 197 0
711 153 197 0
712 -154 -155 -198 0
712 154 198 0
712 155 198 0
713 -156 -157 -199 0
713 156 199 0
713 157 199 0
714 -158 -159 -200 0
714 158 200 0
714 159 200 0
715 -160 -161 -201 0
715 160 201 0
715 161 201 0
716 -162 -163 -202 0
716 162 202 0
716 163 202 0
717 -164 -165 -203 0
717 164 203 0
717 165 203 0
718 -166 -167 -204 0
718 166 204 0
718 167 204 0
719 -168 -169 -205 0
719 168 205 0
719 169 205 0
720 -170 -171 -206 0
720 170 206 0
720 171 206 0
721 -172 -173 -207 0
721 172 207 0
721 173 207 0
722 -174 -175 -208 0
722 174 208 0
722 175 208 0
723 -176 -177 -209 0
723 176 209 0
723 177 209 0
724 -178 -179 -210 0
724 178 210 0
724 179 210 0
725 -180 -181 -211 0
725 180 211 0
725 181 211 0
726 -182 -183 -212 0
726 182 212 0
726 183 212 0
727 -184 -185 -213 0
727 184 213 0
727 185 213 0
728 -186 -187 -214 0
728 186 214 0
728 187 214 0
729 -188 -189 -215 0
729 188 215 0
729 189 215 0
730 -190 -191 -216 0
730 190 216 0
730 191 216 0
731 -192 -193 -217 0
731 192 217 0
731 193 217 0
732 -194 -195 -218 0
732 194 218 0
732 195 218 0
733 -196 -197 -219 0
733 196 219 0
733 197 219 0
734 -198 -199 -220 0
734 198 220 0
734 199 220 0
735 -200 -201 -221 0
735 200 221 0
735 201 221 0
736 -202 -203 -222 0
736 202 222 0
736 203 222 0
737 -204 -205 -223 0
737 204 223 0
737 205 223 0
738 -206 -207 -224 0
738 206 224 0
738 207 224 0
739 -208 -209 -225 0
739 208 225 0
739 209 225 0
740 -178 -210 -226 0
740 178 226 0
740 210 226 0
741 -179 -210 -227 0
741 179 227 0
741 210 227 0
742 -180 -211 -228 0
742 180 228 0
742 211 228 0
743 -181 -211 -229 0
743 181 229 0
743 211 229 0
744 -182 -212 -230 0
744 182 230 0
744 212 230 0
745 -183 -212 -231 0
745 183 231 0
745 212 231 0
746 -184 -213 -232 0
746 184 232 0
746 213 232 0
747 -185 -213 -233 0
747 185 233 0
747 213 233 0
748 -186 -214 -234 0
748 186 234 0
748 214 234 0
749 -187 -214 -235 0
749 187 235 0
749 214 235 0
750 -188 -215 -236 0
750 188 236 0
750 215 236 0
751 -189 -215 -237 0
751 189 237 0
751 215 237 0
752 -190 -216 -238 0
752 190 238 0
752 216 238 0
753 -191 -216 -239 0
753 191 239 0
753 216 239 0
754 -192 -217 -240 0
754 192 240 0
754 217 240 0
755 -193 -217 -241 0
755 193 241 0
755 217 241 0
756 -194 -218 -242 0
756 194 242 0
756 218 242 0
757 -195 -218 -243 0
757 195 243 0
757 218 243 0
758 -196 -219 -244 0
758 196 244 0
758 219 244 0
759 -197 -219 -245 0
759 197 245 0
759 219 245 0
760 -198 -220 -246 0
760 198 246 0
760 220 246 0
761 -199 -220 -247 0
761 199 247 0
761 220 247 0
762 -200 -221 -248 0
762 200 248 0
762 221 248 0
763 -201 -221 -249 0
763 201 249 0
763 221 249 0
764 -202 -222 -250 0
764 202 250 0
764 222 250 0
765 -203 -222 -251 0
765 203 251 0
765 222 251 0
766 -204 -223 -252 0
766 204 252 0
766 223 252 0
767 -205 -223 -253 0
767 205 253 0
767 223 253 0
768 -206 -224 -254 0
768 206 254 0
768 224 254 0
769 -207 -224 -255 0
769 207 255 0
769 224 255 0
770 -208 -225 -256 0
770 208 256 0
770 225 256 0
771 -209 -225 -257 0
771 209 257 0
771 225 257 0
772 -226 -227 -258 0
772 226 258 0
772 227 258 0
773 -228 -229 -259 0
773 228 259 0
773 229 259 0
774 -230 -231 -260 0
774 230 260 0
774 231 260 0
775 -232 -233 -261 0
775 232 261 0
775 233 261 0
776 -234 -235 -262 0
776 234 262 0
776 235 262 0
777 -236 -237 -263 0
777 236 263 0
777 237 263 0
778 -238 -239 -264 0
778 238 264 0
778 239 264 0
779 -240 -241 -265 0
779 240 265 0
779 241 265 0
780 -242 -243 -266 0
780 242 266 0
780 243 266 0
781 -244 -245 -267 0
781 244 267 0
781 245 267 0
782 -246 -247 -268 0
782 246 268 0
782 247 268 0
783 -248 -249 -269 0
783 248 269 0
783 249 269 0
784 -250 -251 -270 0
784 250 270 0
784 251 270 0
785 -252 -253 -271 0
785 252 271 0
785 253 271 0
786 -254 -255 -272 0
786 254 272 0
786 255 272 0
787 -256 -257 -273 0
787 256 273 0
787 257 273 0
788 -258 -259 -274 0
788 258 274 0
788 259 274 0
789 -260 -261 -275 0
789 260 275 0
789 261 275 0
790 -258 -260 -276 0
790 258 276 0
790 260 276 0
791 -259 -261 -277 0
791 259 277 0
791 261 277 0
792 -262 -263 -278 0
792 262 278 0
792 263 278 0
793 -264 -265 -279 0
793 264 279 0
793 265 279 0
794 -262 -264 -280 0
794 262 280 0
794 264 280 0
795 -263 -265 -281 0
795 263 281 0
795 265 281 0
796 -258 -274 -282 0
796 258 282 0
796 274 282 0
797 -259 -274 -283 0
797 259 283 0
797 274 283 0
798 -260 -275 -284 0
798 260 284 0
798 275 284 0
799 -261 -275 -285 0
799 261 285 0
799 275 285 0
800 -258 -276 -286 0
800 258 286 0
800 276 286 0
801 -260 -276 -287 0
801 260 287 0
801 276 287 0
802 -259 -277 -288 0
802 259 288 0
802 277 288 0
803 -261 -277 -289 0
803 261 289 0
803 277 289 0
804 -262 -278 -290 0
804 262 290 0
804 278 290 0
805 -263 -278 -291 0
805 263 291 0
805 278 291 0
806 -264 -279 -292 0
806 264 292 0
806 279 292 0
807 -265 -279 -293 0
807 265 293 0
807 279 293 0
808 -262 -280 -294 0
808 262 294 0
808 280 294 0
809 -264 -280 -295 0
809 264 295 0
809 280 295 0
810 -263 -281 -296 0
810 263 296 0
810 281 296 0
811 -265 -281 -297 0
811 265 297 0
811 281 297 0
812 -282 -283 -298 0
812 282 298 0
812 283 298 0
813 -284 -285 -299 0
813 284 299 0
813 285 299 0
814 -286 -287 -300 0
814 286 300 0
814 287 300 0
815 -288 -289 -301 0
815 288 301 0
815 289 301 0
816 -290 -291 -302 0
816 290 302 0
816 291 302 0
817 -292 -293 -303 0
817 292 303 0
817 293 303 0
818 -294 -295 -304 0
818 294 304 0
818 295 304 0
819 -296 -297 -305 0
819 296 305 0
819 297 305 0
820 -74 -302 -306 0
820 74 306 0
820 302 306 0
821 -75 -303 -307 0
821 75 307 0
821 303 307 0
822 -76 -304 -308 0
822 76 308 0
822 304 308 0
823 -77 -305 -309 0
823 77 309 0
823 305 309 0
824 -78 -298 -310 0
824 78 310 0
824 298 310 0
825 -79 -299 -311 0
825 79 311 0
825 299 311 0
826 -80 -300 -312 0
826 80 312 0
826 300 312 0
827 -81 -301 -313 0
827 81 313 0
827 301 313 0
828 -74 -306 -314 0
828 74 314 0
828 306 314 0
829 -302 -306 -315 0
829 302 315 0
829 306 315 0
830 -75 -307 -316 0
830 75 316 0
830 307 316 0
831 -303 -307 -317 0
831 303 317 0
831 307 317 0
832 -76 -308 -318 0
832 76 318 0
832 308 318 0
833 -304 -308 -319 0
833 304 319 0
833 308 319 0
834 -77 -309 -320 0
834 77 320 0
834 309 320 0
835 -305 -309 -321 0
835 305 321 0
835 309 321 0
836 -78 -310 -322 0
836 78 322 0
836 310 322 0
837 -298 -310 -323 0
837 298 323 0
837 310 323 0
838 -79 -311 -324 0
838 79 324 0
838 311 324 0
839 -299 -311 -325 0
839 299 325 0
839 311 325 0
840 -80 -312 -326 0
840 80 326 0
840 312 326 0
841 -300 -312 -327 0
841 300 327 0
841 312 327 0
842 -81 -313 -328 0
842 81 328 0
842 313 328 0
843 -301 -313 -329 0
843 301 329 0
843 313 329 0
844 -314 -315 -330 0
844 314 330 0
844 315 330 0
845 -316 -317 -331 0
845 316 331 0
845 317 331 0
846 -318 -319 -332 0
846 318 332 0
846 319 332 0
847 -320 -321 -333 0
847 320 333 0
847 321 333 0
848 -322 -323 -334 0
848 322 334 0
848 323 334 0
849 -324 -325 -335 0
849 324 335 0
849 325 335 0
850 -326 -327 -336 0
850 326 336 0
850 327 336 0
851 -328 -329 -337 0
851 328 337 0
851 329 337 0
852 -266 -330 -338 0
852 266 338 0
852 330 338 0
853 -267 -331 -339 0
853 267 339 0
853 331 339 0
854 -268 -332 -340 0
854 268 340 0
854 332 340 0
855 -269 -333 -341 0
855 269 341 0
855 333 341 0
856 -270 -334 -342 0
856 270 342 0
856 334 342 0
857 -271 -335 -343 0
857 271 343 0
857 335 343 0
858 -272 -336 -344 0
858 272 344 0
858 336 344 0
859 -273 -337 -345 0
859 273 345 0
859 337 345 0
860 -266 -338 -346 0
860 266 346 0
860 338 346 0
861 -330 -338 -347 0
861 330 347 0
861 338 347 0
862 -267 -339 -348 0
862 267 348 0
862 339 348 0
863 -331 -339 -349 0
863 331 349 0
863 339 349 0
864 -268 -340 -350 0
864 268 350 0
864 340 350 0
865 -332 -340 -351 0
865 332 351 0
865 340 351 0
866 -269 -341 -352 0
866 269 352 0
866 341 352 0
867 -333 -341 -353 0
867 333 353 0
867 341 353 0
868 -270 -342 -354 0
868 270 354 0
868 342 354 0
869 -334 -342 -355 0
869 334 355 0
869 342 355 0
870 -271 -343 -356 0
870 271 356 0
870 343 356 0
871 -335 -343 -357 0
871 335 357 0
871 343 357 0
872 -272 -344 -358 0
872 272 358 0
872 344 358 0
873 -336 -344 -359 0
873 336 359 0
873 344 359 0
874 -273 -345 -360 0
874 273 360 0
874 345 360 0
875 -337 -345 -361 0
875 337 361 0
875 345 361 0
876 -346 -347 -362 0
876 346 362 0
876 347 362 0
877 -348 -349 -363 0
877 348 363 0
877 349 363 0
878 -350 -351 -364 0
878 350 364 0
878 351 364 0
879 -352 -353 -365 0
879 352 365 0
879 353 365 0
880 -356 -357 -366 0
880 356 366 0
880 357 366 0
881 -360 -361 -367 0
881 360 367 0
881 361 367 0
882 -358 -359 -368 0
882 358 368 0
882 359 368 0
883 -354 -355 -369 0
883 354 369 0
883 355 369 0
884 362 370 0
884 -362 -370 0
885 363 371 0
885 -363 -371 0
886 364 372 0
886 -364 -372 0
887 362 373 0
887 -362 -373 0
888 363 374 0
888 -363 -374 0
889 365 375 0
889 -365 -375 0
890 362 376 0
890 -362 -376 0
891 364 377 0
891 -364 -377 0
892 365 378 0
892 -365 -378 0
893 363 379 0
893 -363 -379 0
894 364 380 0
894 -364 -380 0
895 365 381 0
895 -365 -381 0
896 366 382 0
896 -366 -382 0
897 367 383 0
897 -367 -383 0
898 366 384 0
898 -366 -384 0
899 368 385 0
899 -368 -385 0
900 369 386 0
900 -369 -386 0
901 367 387 0
901 -367 -387 0
902 369 388 0
902 -369 -388 0
903 368 389 0
903 -368 -389 0
904 369 390 0
904 -369 -390 0
905 366 391 0
905 -366 -391 0
906 368 392 0
906 -368 -392 0
907 369 393 0
907 -369 -393 0
908 366 394 0
908 -366 -394 0
909 367 395 0
909 -367 -395 0
910 369 396 0
910 -369 -396 0
911 368 397 0
911 -368 -397 0
912 367 398 0
912 -367 -398 0
913 366 399 0
913 -366 -399 0
914 368 400 0
914 -368 -400 0
915 367 401 0
915 -367 -401 0
916 363 402 0
916 -363 -402 0
917 365 403 0
917 -365 -403 0
918 363 404 0
918 -363 -404 0
919 364 405 0
919 -364 -405 0
920 362 406 0
920 -362 -406 0
921 365 407 0
921 -365 -407 0
922 362 408 0
922 -362 -408 0
923 364 409 0
923 -364 -409 0
924 -370 -371 -372 -365 410 0
924 370 -410 0
924 371 -410 0
924 372 -410 0
924 365 -410 0
925 -373 -374 -364 -375 411 0
925 373 -411 0
925 374 -411 0
925 364 -411 0
925 375 -411 0
926 -376 -363 -377 -378 412 0
926 376 -412 0
926 363 -412 0
926 377 -412 0
926 378 -412 0
927 -362 -379 -380 -381 413 0
927 362 -413 0
927 379 -413 0
927 380 -413 0
927 381 -413 0
928 -390 -391 -392 -367 414 0
928 390 -414 0
928 391 -414 0
928 392 -414 0
928 367 -414 0
929 -393 -394 -368 -395 415 0
929 393 -415 0
929 394 -415 0
929 368 -415 0
929 395 -415 0
930 -396 -366 -397 -398 416 0
930 396 -416 0
930 366 -416 0
930 397 -416 0
930 398 -416 0
931 -369 -399 -400 -401 417 0
931 369 -417 0
931 399 -417 0
931 400 -417 0
931 401 -417 0
932 410 411 412 413 -418 0
932 -410 418 0
932 -411 418 0
932 -412 418 0
932 -413 418 0
933 414 415 416 417 -419 0
933 -414 419 0
933 -415 419 0
933 -416 419 0
933 -417 419 0
934 -369 -382 -368 -383 -418 420 0
934 369 -420 0
934 382 -420 0
934 368 -420 0
934 383 -420 0
934 418 -420 0
935 -369 -384 -385 -367 -418 421 0
935 369 -421 0
935 384 -421 0
935 385 -421 0
935 367 -421 0
935 418 -421 0
936 -386 -366 -368 -387 -418 422 0
936 386 -422 0
936 366 -422 0
936 368 -422 0
936 387 -422 0
936 418 -422 0
937 -388 -366 -389 -367 -418 423 0
937 388 -423 0
937 366 -423 0
937 389 -423 0
937 367 -423 0
937 418 -423 0
938 -362 -402 -364 -403 -419 424 0
938 362 -424 0
938 402 -424 0
938 364 -424 0
938 403 -424 0
938 419 -424 0
939 -362 -404 -405 -365 -419 425 0
939 362 -425 0
939 404 -425 0
939 405 -425 0
939 365 -425 0
939 419 -425 0
940 -406 -363 -364 -407 -419 426 0
940 406 -426 0
940 363 -426 0
940 364 -426 0
940 407 -426 0
940 419 -426 0
941 -408 -363 -409 -365 -419 427 0
941 408 -427 0
941 363 -427 0
941 409 -427 0
941 365 -427 0
941 419 -427 0
942 -362 -420 428 0
942 362 -428 0
942 420 -428 0
943 -363 -420 429 0
943 363 -429 0
943 420 -429 0
944 -364 -420 430 0
944 364 -430 0
944 420 -430 0
945 -365 -420 431 0
945 365 -431 0
945 420 -431 0
946 -362 -421 432 0
946 362 -432 0
946 421 -432 0
947 -363 -421 433 0
947 363 -433 0
947 421 -433 0
948 -364 -421 434 0
948 364 -434 0
948 421 -434 0
949 -365 -421 435 0
949 365 -435 0
949 421 -435 0
950 -362 -422 436 0
950 362 -436 0
950 422 -436 0
951 -363 -422 437 0
951 363 -437 0
951 422 -437 0
952 -364 -422 438 0
952 364 -438 0
952 422 -438 0
953 -365 -422 439 0
953 365 -439 0
953 422 -439 0
954 -362 -423 440 0
954 362 -440 0
954 423 -440 0
955 -363 -423 441 0
955 363 -441 0
955 423 -441 0
956 -364 -423 442 0
956 364 -442 0
956 423 -442 0
957 -365 -423 443 0
957 365 -443 0
957 423 -443 0
958 -369 -424 444 0
958 369 -444 0
958 424 -444 0
959 -366 -424 445 0
959 366 -445 0
959 424 -445 0
960 -368 -424 446 0
960 368 -446 0
960 424 -446 0
961 -367 -424 447 0
961 367 -447 0
961 424 -447 0
962 -369 -425 448 0
962 369 -448 0
962 425 -448 0
963 -366 -425 449 0
963 366 -449 0
963 425 -449 0
964 -368 -425 450 0
964 368 -450 0
964 425 -450 0
965 -367 -425 451 0
965 367 -451 0
965 425 -451 0
966 -369 -426 452 0
966 369 -452 0
966 426 -452 0
967 -366 -426 453 0
967 366 -453 0
967 426 -453 0
968 -368 -426 454 0
968 368 -454 0
968 426 -454 0
969 -367 -426 455 0
969 367 -455 0
969 426 -455 0
970 -369 -427 456 0
970 369 -456 0
970 427 -456 0
971 -366 -427 457 0
971 366 -457 0
971 427 -457 0
972 -368 -427 458 0
972 368 -458 0
972 427 -458 0
973 -367 -427 459 0
973 367 -459 0
973 427 -459 0
974 -1 -428 -460 0
974 1 460 0
974 428 460 0
975 -2 -429 -461 0
975 2 461 0
975 429 461 0
976 -3 -430 -462 0
976 3 462 0
976 430 462 0
977 -4 -431 -463 0
977 4 463 0
977 431 463 0
978 -5 -432 -464 0
978 5 464 0
978 432 464 0
979 -6 -433 -465 0
979 6 465 0
979 433 465 0
980 -7 -434 -466 0
980 7 466 0
980 434 466 0
981 -8 -435 -467 0
981 8 467 0
981 435 467 0
982 -9 -436 -468 0
982 9 468 0
982 436 468 0
983 -10 -437 -469 0
983 10 469 0
983 437 469 0
984 -11 -438 -470 0
984 11 470 0
984 438 470 0
985 -12 -439 -471 0
985 12 471 0
985 439 471 0
986 -13 -440 -472 0
986 13 472 0
986 440 472 0
987 -14 -441 -473 0
987 14 473 0
987 441 473 0
988 -15 -442 -474 0
988 15 474 0
988 442 474 0
989 -16 -443 -475 0
989 16 475 0
989 443 475 0
990 -17 -444 -476 0
990 17 476 0
990 444 476 0
991 -18 -445 -477 0
991 18 477 0
991 445 477 0
992 -19 -446 -478 0
992 19 478 0
992 446 478 0
993 -20 -447 -479 0
993 20 479 0
993 447 479 0
994 -21 -448 -480 0
994 21 480 0
994 448 480 0
995 -22 -449 -481 0
995 22 481 0
995 449 481 0
996 -23 -450 -482 0
996 23 482 0
996 450 482 0
997 -24 -451 -483 0
997 24 483 0
997 451 483 0
998 -25 -452 -484 0
998 25 484 0
998 452 484 0
999 -26 -453 -485 0
999 26 485 0
999 453 485 0
1000 -27 -454 -486 0
1000 27 486 0
1000 454 486 0
1001 -28 -455 -487 0
1001 28 487 0
1001 455 487 0
1002 -29 -456 -488 0
1002 29 488 0
1002 456 488 0
1003 -30 -457 -489 0
1003 30 489 0
1003 457 489 0
1004 -31 -458 -490 0
1004 31 490 0
1004 458 490 0
1005 -32 -459 -491 0
1005 32 491 0
1005 459 491 0
1006 -1 -460 -492 0
1006 1 492 0
1006 460 492 0
1007 -428 -460 -493 0
1007 428 493 0
1007 460 493 0
1008 -2 -461 -494 0
1008 2 494 0
1008 461 494 0
1009 -429 -461 -495 0
1009 429 495 0
1009 461 495 0
1010 -3 -462 -496 0
1010 3 496 0
1010 462 496 0
1011 -430 -462 -497 0
1011 430 497 0
1011 462 497 0
1012 -4 -463 -498 0
1012 4 498 0
1012 463 498 0
1013 -431 -463 -499 0
1013 431 499 0
1013 463 499 0
1014 -5 -464 -500 0
1014 5 500 0
1014 464 500 0
1015 -432 -464 -501 0
1015 432 501 0
1015 464 501 0
1016 -6 -465 -502 0
1016 6 502 0
1016 465 502 0
1017 -433 -465 -503 0
1017 433 503 0
1017 465 503 0
1018 -7 -466 -504 0
1018 7 504 0
1018 466 504 0
1019 -434 -466 -505 0
1019 434 505 0
1019 466 505 0
1020 -8 -467 -506 0
1020 8 506 0
1020 467 506 0
1021 -435 -467 -507 0
1021 435 507 0
1021 467 507 0
1022 -9 -468 -508 0
1022 9 508 0
1022 468 508 0
1023 -436 -468 -509 0
1023 436 509 0
1023 468 509 0
1024 -10 -469 -510 0
1024 10 510 0
1024 469 510 0
1025 -437 -469 -511 0
1025 437 511 0
1025 469 511 0
1026 -11 -470 -512 0
1026 11 512 0
1026 470 512 0
1027 -438 -470 -513 0
1027 438 513 0
1027 470 513 0
1028 -12 -471 -514 0
1028 12 514 0
1028 471 514 0
1029 -439 -471 -515 0
1029 439 515 0
1029 471 515 0
1030 -13 -472 -516 0
1030 13 516 0
1030 472 516 0
1031 -440 -472 -517 0
1031 440 517 0
1031 472 517 0
1032 -14 -473 -518 0
1032 14 518 0
1032 473 518 0
1033 -441 -473 -519 0
1033 441 519 0
1033 473 519 0
1034 -15 -474 -520 0
1034 15 520 0
1034 474 520 0
1035 -442 -474 -521 0
1035 442 521 0
1035 474 521 0
1036 -16 -475 -522 0
1036 16 522 0
1036 475 522 0
1037 -443 -475 -523 0
1037 443 523 0
1037 475 523 0
1038 -17 -476 -524 0
1038 17 524 0
1038 476 524 0
1039 -444 -476 -525 0
1039 444 525 0
1039 476 525 0
1040 -18 -477 -526 0
1040 18 526 0
1040 477 526 0
1041 -445 -477 -527 0
1041 445 527 0
1041 477 527 0
1042 -19 -478 -528 0
1042 19 528 0
1042 478 528 0
1043 -446 -478 -529 0
1043 446 529 0
1043 478 529 0
1044 -20 -479 -530 0
1044 20 530 0
1044 479 530 0
1045 -447 -479 -531 0
1045 447 531 0
1045 479 531 0
1046 -21 -480 -532 0
1046 21 532 0
1046 480 532 0
1047 -448 -480 -533 0
1047 448 533 0
1047 480 533 0
1048 -22 -481 -534 0
1048 22 534 0
1048 481 534 0
1049 -449 -481 -535 0
1049 449 535 0
1049 481 535 0
1050 -23 -482 -536 0
1050 23 536 0
1050 482 536 0
1051 -450 -482 -537 0
1051 450 537 0
1051 482 537 0
1052 -24 -483 -538 0
1052 24 538 0
1052 483 538 0
1053 -451 -483 -539 0
1053 451 539 0
1053 483 539 0
1054 -25 -484 -540 0
1054 25 540 0
1054 484 540 0
1055 -452 -484 -541 0
1055 452 541 0
1055 484 541 0
1056 -26 -485 -542 0
1056 26 542 0
1056 485 542 0
1057 -453 -485 -543 0
1057 453 543 0
1057 485 543 0
1058 -27 -486 -544 0
1058 27 544 0
1058 486 544 0
1059 -454 -486 -545 0
1059 454 545 0
1059 486 545 0
1060 -28 -487 -546 0
1060 28 546 0
1060 487 546 0
1061 -455 -487 -547 0
1061 455 547 0
1061 487 547 0
1062 -29 -488 -548 0
1062 29 548 0
1062 488 548 0
1063 -456 -488 -549 0
1063 456 549 0
1063 488 549 0
1064 -30 -489 -550 0
1064 30 550 0
1064 489 550 0
1065 -457 -489 -551 0
1065 457 551 0
1065 489 551 0
1066 -31 -490 -552 0
1066 31 552 0
1066 490 552 0
1067 -458 -490 -553 0
1067 458 553 0
1067 490 553 0
1068 -32 -491 -554 0
1068 32 554 0
1068 491 554 0
1069 -459 -491 -555 0
1069 459 555 0
1069 491 555 0
1070 -492 -493 -556 0
1070 492 556 0
1070 493 556 0
1071 -494 -495 -557 0
1071 494 557 0
1071 495 557 0
1072 -496 -497 -558 0
1072 496 558 0
1072 497 558 0
1073 -498 -499 -559 0
1073 498 559 0
1073 499 559 0
1074 -500 -501 -560 0
1074 500 560 0
1074 501 560 0
1075 -502 -503 -561 0
1075 502 561 0
1075 503 561 0
1076 -504 -505 -562 0
1076 504 562 0
1076 505 562 0
1077 -506 -507 -563 0
1077 506 563 0
1077 507 563 0
1078 -508 -509 -564 0
1078 508 564 0
1078 509 564 0
1079 -510 -511 -565 0
1079 510 565 0
1079 511 565 0
1080 -512 -513 -566 0
1080 512 566 0
1080 513 566 0
1081 -514 -515 -567 0
1081 514 567 0
1081 515 567 0
1082 -516 -517 -568 0
1082 516 568 0
1082 517 568 0
1083 -518 -519 -569 0
1083 518 569 0
1083 519 569 0
1084 -520 -521 -570 0
1084 520 570 0
1084 521 570 0
1085 -522 -523 -571 0
1085 522 571 0
1085 523 571 0
1086 -524 -525 -572 0
1086 524 572 0
1086 525 572 0
1087 -526 -527 -573 0
1087 526 573 0
1087 527 573 0
1088 -528 -529 -574 0
1088 528 574 0
1088 529 574 0
1089 -530 -531 -575 0
1089 530 575 0
1089 531 575 0
1090 -532 -533 -576 0
1090 532 576 0
1090 533 576 0
1091 -534 -535 -577 0
1091 534 577 0
1091 535 577 0
1092 -536 -537 -578 0
1092 536 578 0
1092 537 578 0
1093 -538 -539 -579 0
1093 538 579 0
1093 539 579 0
1094 -540 -541 -580 0
1094 540 580 0
1094 541 580 0
1095 -542 -543 -581 0
1095 542 581 0
1095 543 581 0
1096 -544 -545 -582 0
1096 544 582 0
1096 545 582 0
1097 -546 -547 -583 0
1097 546 583 0
1097 547 583 0
1098 -548 -549 -584 0
1098 548 584 0
1098 549 584 0
1099 -550 -551 -585 0
1099 550 585 0
1099 551 585 0
1100 -552 -553 -586 0
1100 552 586 0
1100 553 586 0
1101 -554 -555 -587 0
1101 554 587 0
1101 555 587 0
1102 556 42 0
1102 -556 -42 0
1103 557 43 0
1103 -557 -43 0
1104 558 44 0
1104 -558 -44 0
1105 559 45 0
1105 -559 -45 0
1106 560 46 0
1106 -560 -46 0
1107 561 47 0
1107 -561 -47 0
1108 562 48 0
1108 -562 -48 0
1109 563 49 0
1109 -563 -49 0
1110 564 50 0
1110 -564 -50 0
1111 565 51 0
1111 -565 -51 0
1112 566 52 0
1112 -566 -52 0
1113 567 53 0
1113 -567 -53 0
1114 568 54 0
1114 -568 -54 0
1115 569 55 0
1115 -569 -55 0
1116 570 56 0
1116 -570 -56 0
1117 571 57 0
1117 -571 -57 0
1118 572 58 0
1118 -572 -58 0
1119 573 59 0
1119 -573 -59 0
1120 574 60 0
1120 -574 -60 0
1121 575 61 0
1121 -575 -61 0
1122 576 62 0
1122 -576 -62 0
1123 577 63 0
1123 -577 -63 0
1124 578 64 0
1124 -578 -64 0
1125 579 65 0
1125 -579 -65 0
1126 580 66 0
1126 -580 -66 0
1127 581 67 0
1127 -581 -67 0
1128 582 68 0
1128 -582 -68 0
1129 583 69 0
1129 -583 -69 0
1130 584 70 0
1130 -584 -70 0
1131 585 71 0
1131 -585 -71 0
1132 586 72 0
1132 -586 -72 0
1133 587 73 0
1133 -587 -73 0
-588 -589 -944 -945 -946 -947 -948 -949 -950 -951 -952 -953 -590 -954 -955 -956 -957 -958 -959 -960 -961 -962 -963 -591 -964 -965 -966 -967 -968 -969 -970 -971 -972 -973 -592 -593 -594 -595 -942 -943 -924 -925 -926 -927 -928 -929 -930 -931 -934 -935 -936 -937 -938 -939 -940 -941 -596 -597 -606 -696 -697 -698 -699 -700 -701 -702 -703 -704 -705 -607 -706 -707 -708 -709 -710 -711 -712 -713 -714 -715 -608 -716 -717 -718 -719 -720 -721 -722 -723 -724 -725 -609 -726 -727 -728 -729 -730 -731 -732 -733 -734 -735 -610 -736 -737 -738 -739 -740 -741 -742 -743 -744 -745 -611 -746 -747 -748 -749 -750 -751 -752 -753 -754 -755 -612 -756 -757 -758 -759 -760 -761 -762 -763 -764 -765 -613 -766 -767 -768 -769 -770 -771 -772 -773 -774 -775 -614 -776 -777 -778 -779 -780 -781 -782 -783 -784 -785 -615 -786 -787 -788 -789 -790 -791 -792 -793 -794 -795 -598 -616 -796 -797 -798 -799 -800 -801 -802 -803 -804 -805 -617 -806 -807 -808 -809 -810 -811 -812 -813 -814 -815 -618 -816 -817 -818 -819 -820 -821 -822 -823 -824 -825 -619 -826 -827 -828 -829 -830 -831 -832 -833 -834 -835 -620 -836 -837 -838 -839 -840 -841 -842 -843 -844 -845 -621 -846 -847 -848 -849 -850 -851 -852 -853 -854 -855 -622 -856 -857 -858 -859 -860 -861 -862 -863 -864 -865 -623 -866 -867 -868 -869 -870 -871 -872 -873 -874 -875 -624 -876 -877 -878 -879 -880 -881 -882 -883 -974 -975 -625 -976 -977 -978 -979 -980 -981 -982 -983 -984 -985 -599 -626 -986 -987 -988 -989 -990 -991 -992 -993 -994 -995 -627 -996 -997 -998 -999 -1000 -1001 -1002 -1003 -1004 -1005 -628 -1006 -1007 -1008 -1009 -1010 -1011 -1012 -1013 -1014 -1015 -629 -1016 -1017 -1018 -1019 -1020 -1021 -1022 -1023 -1024 -1025 -630 -1026 -1027 -1028 -1029 -1030 -1031 -1032 -1033 -1034 -1035 -631 -1036 -1037 -1038 -1039 -1040 -1041 -1042 -1043 -1044 -1045 -632 -1046 -1047 -1048 -1049 -1050 -1051 -1052 -1053 -1054 -1055 -633 -1056 -1057 -1058 -1059 -1060 -1061 -1062 -1063 -1064 -1065 -634 -1066 -1067 -1068 -1069 -1070 -1071 -1072 -1073 -1074 -1075 -635 -1076 -1077 -1078 -1079 -1080 -1081 -1082 -1083 -1084 -1085 -600 -636 -1086 -1087 -1088 -1089 -1090 -1091 -1092 -1093 -1094 -1095 -637 -1096 -1097 -1098 -1099 -1100 -1101 -638 -639 -640 -641 -642 -643 -644 -645 -601 -646 -647 -648 -649 -650 -651 -652 -653 -654 -655 -602 -656 -657 -658 -659 -660 -661 -662 -663 -664 -665 -603 -666 -667 -668 -669 -670 -671 -672 -673 -674 -675 -604 -676 -677 -678 -679 -680 -681 -682 -683 -684 -685 -605 -686 -687 -688 -689 -690 -691 -692 -693 -694 -695 -884 -885 -894 -895 -896 -897 -898 -899 -900 -901 -902 -903 -886 -904 -905 -906 -907 -908 -909 -910 -911 -912 -913 -887 -914 -915 -916 -917 -918 -919 -920 -921 -922 -923 -888 -1102 -1103 -1104 -1105 -1106 -1107 -1108 -1109 -1110 -1111 -889 -1112 -1113 -1114 -1115 -1116 -1117 -1118 -1119 -1120 -1121 -890 -1122 -1123 -1124 -1125 -1126 -1127 -1128 -1129 -1130 -1131 -891 -1132 -1133 -892 -893 -932 -933 0