1 0
2 0
3 0
4 0
5 0
6 0
7 0
8 0
9 0
10 0
11 0
12 0
13 0
14 0
15 0
16 0
17 0
18 0
19 0
21 0
24 0
25 0
26 0
27 0
28 0
29 0
30 0
31 0
32 0
33 0
34 0
35 0
37 0
38 0
39 0
40 0
42 0
43 0
44 0
45 0
46 0
47 0
48 0
50 0
51 0
52 0
53 0
54 0
55 0
56 0
57 0
58 0
59 0
60 0
61 0
62 0
63 0
64 0
65 0
66 0
67 0
68 0
69 0
70 0
71 0
72 0
73 0
-49 0
-41 0
-36 0
-23 0
-22 0
-20 0

244 2 1 74 0
244 2 -1 -74 0
244 -2 1 -74 0
244 -2 -1 74 0
245 4 3 75 0
245 4 -3 -75 0
245 -4 3 -75 0
245 -4 -3 75 0
246 6 5 76 0
246 6 -5 -76 0
246 -6 5 -76 0
246 -6 -5 76 0
247 8 7 77 0
247 8 -7 -77 0
247 -8 7 -77 0
247 -8 -7 77 0
248 10 9 78 0
248 10 -9 -78 0
248 -10 9 -78 0
248 -10 -9 78 0
249 12 11 79 0
249 12 -11 -79 0
249 -12 11 -79 0
249 -12 -11 79 0
250 14 13 80 0
250 14 -13 -80 0
250 -14 13 -80 0
250 -14 -13 80 0
251 16 15 81 0
251 16 -15 -81 0
251 -16 15 -81 0
251 -16 -15 81 0
252 18 17 82 0
252 18 -17 -82 0
252 -18 17 -82 0
252 -18 -17 82 0
253 20 19 83 0
253 20 -19 -83 0
253 -20 19 -83 0
253 -20 -19 83 0
254 22 21 84 0
254 22 -21 -84 0
254 -22 21 -84 0
254 -22 -21 84 0
255 24 23 85 0
255 24 -23 -85 0
255 -24 23 -85 0
255 -24 -23 85 0
256 26 25 86 0
256 26 -25 -86 0
256 -26 25 -86 0
256 -26 -25 86 0
257 28 27 87 0
257 28 -27 -87 0
257 -28 27 -87 0
257 -28 -27 87 0
258 30 29 88 0
258 30 -29 -88 0
258 -30 29 -88 0
258 -30 -29 88 0
259 32 31 89 0
259 32 -31 -89 0
259 -32 31 -89 0
259 -32 -31 89 0
260 -33 -41 90 0
260 33 -90 0
260 41 -90 0
261 -34 -41 91 0
261 34 -91 0
261 41 -91 0
262 -35 -41 92 0
262 35 -92 0
262 41 -92 0
263 -36 -41 93 0
263 36 -93 0
263 41 -93 0
264 -37 -41 94 0
264 37 -94 0
264 41 -94 0
265 -38 -41 95 0
265 38 -95 0
265 41 -95 0
266 -39 -41 96 0
266 39 -96 0
266 41 -96 0
267 -40 -41 97 0
267 40 -97 0
267 41 -97 0
268 5 1 98 0
268 5 -1 -98 0
268 -5 1 -98 0
268 -5 -1 98 0
269 13 9 99 0
269 13 -9 -99 0
269 -13 9 -99 0
269 -13 -9 99 0
270 6 2 100 0
270 6 -2 -100 0
270 -6 2 -100 0
270 -6 -2 100 0
271 14 10 101 0
271 14 -10 -101 0
271 -14 10 -101 0
271 -14 -10 101 0
272 7 3 102 0
272 7 -3 -102 0
272 -7 3 -102 0
272 -7 -3 102 0
273 15 11 103 0
273 15 -11 -103 0
273 -15 11 -103 0
273 -15 -11 103 0
274 8 4 104 0
274 8 -4 -104 0
274 -8 4 -104 0
274 -8 -4 104 0
275 16 12 105 0
275 16 -12 -105 0
275 -16 12 -105 0
275 -16 -12 105 0
276 21 17 106 0
276 21 -17 -106 0
276 -21 17 -106 0
276 -21 -17 106 0
277 29 25 107 0
277 29 -25 -107 0
277 -29 25 -107 0
277 -29 -25 107 0
278 22 18 108 0
278 22 -18 -108 0
278 -22 18 -108 0
278 -22 -18 108 0
279 30 26 109 0
279 30 -26 -109 0
279 -30 26 -109 0
279 -30 -26 109 0
280 23 19 110 0
280 23 -19 -110 0
280 -23 19 -110 0
280 -23 -19 110 0
281 31 27 111 0
281 31 -27 -111 0
281 -31 27 -111 0
281 -31 -27 111 0
282 24 20 112 0
282 24 -20 -112 0
282 -24 20 -112 0
282 -24 -20 112 0
283 32 28 113 0
283 32 -28 -113 0
283 -32 28 -113 0
283 -32 -28 113 0
284 75 74 114 0
284 75 -74 -114 0
284 -75 74 -114 0
284 -75 -74 114 0
285 77 76 115 0
285 77 -76 -115 0
285 -77 76 -115 0
285 -77 -76 115 0
286 79 78 116 0
286 79 -78 -116 0
286 -79 78 -116 0
286 -79 -78 116 0
287 81 80 117 0
287 81 -80 -117 0
287 -81 80 -117 0
287 -81 -80 117 0
288 83 82 118 0
288 83 -82 -118 0
288 -83 82 -118 0
288 -83 -82 118 0
289 85 84 119 0
289 85 -84 -119 0
289 -85 84 -119 0
289 -85 -84 119 0
290 87 86 120 0
290 87 -86 -120 0
290 -87 86 -120 0
290 -87 -86 120 0
291 89 88 121 0
291 89 -88 -121 0
291 -89 88 -121 0
291 -89 -88 121 0
292 99 98 122 0
292 99 -98 -122 0
292 -99 98 -122 0
292 -99 -98 122 0
293 101 100 123 0
293 101 -100 -123 0
293 -101 100 -123 0
293 -101 -100 123 0
294 103 102 124 0
294 103 -102 -124 0
294 -103 102 -124 0
294 -103 -102 124 0
295 105 104 125 0
295 105 -104 -125 0
295 -105 104 -125 0
295 -105 -104 125 0
296 107 106 126 0
296 107 -106 -126 0
296 -107 106 -126 0
296 -107 -106 126 0
297 109 108 127 0
297 109 -108 -127 0
297 -109 108 -127 0
297 -109 -108 127 0
298 111 110 128 0
298 111 -110 -128 0
298 -111 110 -128 0
298 -111 -110 128 0
299 113 112 129 0
299 113 -112 -129 0
299 -113 112 -129 0
299 -113 -112 129 0
300 115 114 130 0
300 115 -114 -130 0
300 -115 114 -130 0
300 -115 -114 130 0
301 117 116 131 0
301 117 -116 -131 0
301 -117 116 -131 0
301 -117 -116 131 0
302 116 114 132 0
302 116 -114 -132 0
302 -116 114 -132 0
302 -116 -114 132 0
303 117 115 133 0
303 117 -115 -133 0
303 -117 115 -133 0
303 -117 -115 133 0
304 119 118 134 0
304 119 -118 -134 0
304 -119 118 -134 0
304 -119 -118 134 0
305 121 120 135 0
305 121 -120 -135 0
305 -121 120 -135 0
305 -121 -120 135 0
306 120 118 136 0
306 120 -118 -136 0
306 -120 118 -136 0
306 -120 -118 136 0
307 121 119 137 0
307 121 -119 -137 0
307 -121 119 -137 0
307 -121 -119 137 0
308 134 90 138 0
308 134 -90 -138 0
308 -134 90 -138 0
308 -134 -90 138 0
309 135 91 139 0
309 135 -91 -139 0
309 -135 91 -139 0
309 -135 -91 139 0
310 136 92 140 0
310 136 -92 -140 0
310 -136 92 -140 0
310 -136 -92 140 0
311 137 93 141 0
311 137 -93 -141 0
311 -137 93 -141 0
311 -137 -93 141 0
312 130 94 142 0
312 130 -94 -142 0
312 -130 94 -142 0
312 -130 -94 142 0
313 131 95 143 0
313 131 -95 -143 0
313 -131 95 -143 0
313 -131 -95 143 0
314 132 96 144 0
314 132 -96 -144 0
314 -132 96 -144 0
314 -132 -96 144 0
315 133 97 145 0
315 133 -97 -145 0
315 -133 97 -145 0
315 -133 -97 145 0
316 138 122 146 0
316 138 -122 -146 0
316 -138 122 -146 0
316 -138 -122 146 0
317 139 123 147 0
317 139 -123 -147 0
317 -139 123 -147 0
317 -139 -123 147 0
318 140 124 148 0
318 140 -124 -148 0
318 -140 124 -148 0
318 -140 -124 148 0
319 141 125 149 0
319 141 -125 -149 0
319 -141 125 -149 0
319 -141 -125 149 0
320 142 126 150 0
320 142 -126 -150 0
320 -142 126 -150 0
320 -142 -126 150 0
321 143 127 151 0
321 143 -127 -151 0
321 -143 127 -151 0
321 -143 -127 151 0
322 144 128 152 0
322 144 -128 -152 0
322 -144 128 -152 0
322 -144 -128 152 0
323 145 129 153 0
323 145 -129 -153 0
323 -145 129 -153 0
323 -145 -129 153 0
324 146 154 0
324 -146 -154 0
325 147 155 0
325 -147 -155 0
326 148 156 0
326 -148 -156 0
327 146 157 0
327 -146 -157 0
328 147 158 0
328 -147 -158 0
329 149 159 0
329 -149 -159 0
330 146 160 0
330 -146 -160 0
331 148 161 0
331 -148 -161 0
332 149 162 0
332 -149 -162 0
333 147 163 0
333 -147 -163 0
334 148 164 0
334 -148 -164 0
335 149 165 0
335 -149 -165 0
336 151 166 0
336 -151 -166 0
337 153 167 0
337 -153 -167 0
338 151 168 0
338 -151 -168 0
339 152 169 0
339 -152 -169 0
340 150 170 0
340 -150 -170 0
341 153 171 0
341 -153 -171 0
342 150 172 0
342 -150 -172 0
343 152 173 0
343 -152 -173 0
344 150 174 0
344 -150 -174 0
345 151 175 0
345 -151 -175 0
346 152 176 0
346 -152 -176 0
347 150 177 0
347 -150 -177 0
348 151 178 0
348 -151 -178 0
349 153 179 0
349 -153 -179 0
350 150 180 0
350 -150 -180 0
351 152 181 0
351 -152 -181 0
352 153 182 0
352 -153 -182 0
353 151 183 0
353 -151 -183 0
354 152 184 0
354 -152 -184 0
355 153 185 0
355 -153 -185 0
356 147 186 0
356 -147 -186 0
357 149 187 0
357 -149 -187 0
358 147 188 0
358 -147 -188 0
359 148 189 0
359 -148 -189 0
360 146 190 0
360 -146 -190 0
361 149 191 0
361 -149 -191 0
362 146 192 0
362 -146 -192 0
363 148 193 0
363 -148 -193 0
364 -154 -155 -156 -149 194 0
364 154 -194 0
364 155 -194 0
364 156 -194 0
364 149 -194 0
365 -157 -158 -148 -159 195 0
365 157 -195 0
365 158 -195 0
365 148 -195 0
365 159 -195 0
366 -160 -147 -161 -162 196 0
366 160 -196 0
366 147 -196 0
366 161 -196 0
366 162 -196 0
367 -146 -163 -164 -165 197 0
367 146 -197 0
367 163 -197 0
367 164 -197 0
367 165 -197 0
368 -174 -175 -176 -153 198 0
368 174 -198 0
368 175 -198 0
368 176 -198 0
368 153 -198 0
369 -177 -178 -152 -179 199 0
369 177 -199 0
369 178 -199 0
369 152 -199 0
369 179 -199 0
370 -180 -151 -181 -182 200 0
370 180 -200 0
370 151 -200 0
370 181 -200 0
370 182 -200 0
371 -150 -183 -184 -185 201 0
371 150 -201 0
371 183 -201 0
371 184 -201 0
371 185 -201 0
372 194 195 196 197 -202 0
372 -194 202 0
372 -195 202 0
372 -196 202 0
372 -197 202 0
373 198 199 200 201 -203 0
373 -198 203 0
373 -199 203 0
373 -200 203 0
373 -201 203 0
374 -150 -166 -152 -167 -202 204 0
374 150 -204 0
374 166 -204 0
374 152 -204 0
374 167 -204 0
374 202 -204 0
375 -150 -168 -169 -153 -202 205 0
375 150 -205 0
375 168 -205 0
375 169 -205 0
375 153 -205 0
375 202 -205 0
376 -170 -151 -152 -171 -202 206 0
376 170 -206 0
376 151 -206 0
376 152 -206 0
376 171 -206 0
376 202 -206 0
377 -172 -151 -173 -153 -202 207 0
377 172 -207 0
377 151 -207 0
377 173 -207 0
377 153 -207 0
377 202 -207 0
378 -146 -186 -148 -187 -203 208 0
378 146 -208 0
378 186 -208 0
378 148 -208 0
378 187 -208 0
378 203 -208 0
379 -146 -188 -189 -149 -203 209 0
379 146 -209 0
379 188 -209 0
379 189 -209 0
379 149 -209 0
379 203 -209 0
380 -190 -147 -148 -191 -203 210 0
380 190 -210 0
380 147 -210 0
380 148 -210 0
380 191 -210 0
380 203 -210 0
381 -192 -147 -193 -149 -203 211 0
381 192 -211 0
381 147 -211 0
381 193 -211 0
381 149 -211 0
381 203 -211 0
382 -146 -204 212 0
382 146 -212 0
382 204 -212 0
383 -147 -204 213 0
383 147 -213 0
383 204 -213 0
384 -148 -204 214 0
384 148 -214 0
384 204 -214 0
385 -149 -204 215 0
385 149 -215 0
385 204 -215 0
386 -146 -205 216 0
386 146 -216 0
386 205 -216 0
387 -147 -205 217 0
387 147 -217 0
387 205 -217 0
388 -148 -205 218 0
388 148 -218 0
388 205 -218 0
389 -149 -205 219 0
389 149 -219 0
389 205 -219 0
390 -146 -206 220 0
390 146 -220 0
390 206 -220 0
391 -147 -206 221 0
391 147 -221 0
391 206 -221 0
392 -148 -206 222 0
392 148 -222 0
392 206 -222 0
393 -149 -206 223 0
393 149 -223 0
393 206 -223 0
394 -146 -207 224 0
394 146 -224 0
394 207 -224 0
395 -147 -207 225 0
395 147 -225 0
395 207 -225 0
396 -148 -207 226 0
396 148 -226 0
396 207 -226 0
397 -149 -207 227 0
397 149 -227 0
397 207 -227 0
398 -150 -208 228 0
398 150 -228 0
398 208 -228 0
399 -151 -208 229 0
399 151 -229 0
399 208 -229 0
400 -152 -208 230 0
400 152 -230 0
400 208 -230 0
401 -153 -208 231 0
401 153 -231 0
401 208 -231 0
402 -150 -209 232 0
402 150 -232 0
402 209 -232 0
403 -151 -209 233 0
403 151 -233 0
403 209 -233 0
404 -152 -209 234 0
404 152 -234 0
404 209 -234 0
405 -153 -209 235 0
405 153 -235 0
405 209 -235 0
406 -150 -210 236 0
406 150 -236 0
406 210 -236 0
407 -151 -210 237 0
407 151 -237 0
407 210 -237 0
408 -152 -210 238 0
408 152 -238 0
408 210 -238 0
409 -153 -210 239 0
409 153 -239 0
409 210 -239 0
410 -150 -211 240 0
410 150 -240 0
410 211 -240 0
411 -151 -211 241 0
411 151 -241 0
411 211 -241 0
412 -152 -211 242 0
412 152 -242 0
412 211 -242 0
413 -153 -211 243 0
413 153 -243 0
413 211 -243 0
414 212 1 42 0
414 212 -1 -42 0
414 -212 1 -42 0
414 -212 -1 42 0
415 213 2 43 0
415 213 -2 -43 0
415 -213 2 -43 0
415 -213 -2 43 0
416 214 3 44 0
416 214 -3 -44 0
416 -214 3 -44 0
416 -214 -3 44 0
417 215 4 45 0
417 215 -4 -45 0
417 -215 4 -45 0
417 -215 -4 45 0
418 216 5 46 0
418 216 -5 -46 0
418 -216 5 -46 0
418 -216 -5 46 0
419 217 6 47 0
419 217 -6 -47 0
419 -217 6 -47 0
419 -217 -6 47 0
420 218 7 48 0
420 218 -7 -48 0
420 -218 7 -48 0
420 -218 -7 48 0
421 219 8 49 0
421 219 -8 -49 0
421 -219 8 -49 0
421 -219 -8 49 0
422 220 9 50 0
422 220 -9 -50 0
422 -220 9 -50 0
422 -220 -9 50 0
423 221 10 51 0
423 221 -10 -51 0
423 -221 10 -51 0
423 -221 -10 51 0
424 222 11 52 0
424 222 -11 -52 0
424 -222 11 -52 0
424 -222 -11 52 0
425 223 12 53 0
425 223 -12 -53 0
425 -223 12 -53 0
425 -223 -12 53 0
426 224 13 54 0
426 224 -13 -54 0
426 -224 13 -54 0
426 -224 -13 54 0
427 225 14 55 0
427 225 -14 -55 0
427 -225 14 -55 0
427 -225 -14 55 0
428 226 15 56 0
428 226 -15 -56 0
428 -226 15 -56 0
428 -226 -15 56 0
429 227 16 57 0
429 227 -16 -57 0
429 -227 16 -57 0
429 -227 -16 57 0
430 228 17 58 0
430 228 -17 -58 0
430 -228 17 -58 0
430 -228 -17 58 0
431 229 18 59 0
431 229 -18 -59 0
431 -229 18 -59 0
431 -229 -18 59 0
432 230 19 60 0
432 230 -19 -60 0
432 -230 19 -60 0
432 -230 -19 60 0
433 231 20 61 0
433 231 -20 -61 0
433 -231 20 -61 0
433 -231 -20 61 0
434 232 21 62 0
434 232 -21 -62 0
434 -232 21 -62 0
434 -232 -21 62 0
435 233 22 63 0
435 233 -22 -63 0
435 -233 22 -63 0
435 -233 -22 63 0
436 234 23 64 0
436 234 -23 -64 0
436 -234 23 -64 0
436 -234 -23 64 0
437 235 24 65 0
437 235 -24 -65 0
437 -235 24 -65 0
437 -235 -24 65 0
438 236 25 66 0
438 236 -25 -66 0
438 -236 25 -66 0
438 -236 -25 66 0
439 237 26 67 0
439 237 -26 -67 0
439 -237 26 -67 0
439 -237 -26 67 0
440 238 27 68 0
440 238 -27 -68 0
440 -238 27 -68 0
440 -238 -27 68 0
441 239 28 69 0
441 239 -28 -69 0
441 -239 28 -69 0
441 -239 -28 69 0
442 240 29 70 0
442 240 -29 -70 0
442 -240 29 -70 0
442 -240 -29 70 0
443 241 30 71 0
443 241 -30 -71 0
443 -241 30 -71 0
443 -241 -30 71 0
444 242 31 72 0
444 242 -31 -72 0
444 -242 31 -72 0
444 -242 -31 72 0
445 243 32 73 0
445 243 -32 -73 0
445 -243 32 -73 0
445 -243 -32 73 0
-382 -383 -384 -385 -386 -387 -388 -389 -390 -391 -392 -393 -394 -395 -396 -397 -398 -399 -400 -401 -402 -403 -404 -405 -406 -407 -408 -409 -410 -411 -412 -260 -413 -261 -262 -263 -264 -265 -266 -267 -364 -365 -366 -367 -368 -369 -370 -371 -374 -375 -376 -377 -378 -379 -380 -381 -343 -344 -345 -346 -347 -348 -349 -350 -351 -352 -353 -354 -355 -356 -357 -358 -359 -360 -361 -362 -363 -324 -325 -326 -327 -328 -329 -330 -331 -332 -333 -334 -335 -336 -337 -338 -339 -340 -341 -342 -372 -373 -244 -253 -254 -255 -256 -257 -258 -259 -414 -415 -416 -417 -418 -419 -420 -421 -422 -423 -424 -425 -426 -427 -428 -429 -430 -431 -432 -433 -434 -435 -436 -437 -438 -439 -440 -441 -442 -245 -443 -444 -445 -268 -269 -270 -271 -272 -246 -273 -274 -275 -276 -277 -278 -279 -280 -281 -282 -247 -283 -284 -285 -286 -287 -288 -289 -290 -291 -292 -248 -293 -294 -295 -296 -297 -298 -299 -300 -301 -302 -249 -303 -304 -305 -306 -307 -308 -309 -310 -311 -312 -250 -313 -314 -315 -316 -317 -318 -319 -320 -321 -322 -251 -323 -252 0-382 -383 -384 -385 -386 -387 -388 -389 -390 -391 -392 -393 -394 -395 -396 -397 -398 -399 -400 -401 -402 -403 -404 -405 -406 -407 -408 -409 -410 -411 -412 -260 -413 -261 -262 -263 -264 -265 -266 -267 -364 -365 -366 -367 -368 -369 -370 -371 -374 -375 -376 -377 -378 -379 -380 -381 -343 -344 -345 -346 -347 -348 -349 -350 -351 -352 -353 -354 -355 -356 -357 -358 -359 -360 -361 -362 -363 -324 -325 -326 -327 -328 -329 -330 -331 -332 -333 -334 -335 -336 -337 -338 -339 -340 -341 -342 -372 -373 -244 -253 -254 -255 -256 -257 -258 -259 -414 -415 -416 -417 -418 -419 -420 -421 -422 -423 -424 -425 -426 -427 -428 -429 -430 -431 -432 -433 -434 -435 -436 -437 -438 -439 -440 -441 -442 -245 -443 -444 -445 -268 -269 -270 -271 -272 -246 -273 -274 -275 -276 -277 -278 -279 -280 -281 -282 -247 -283 -284 -285 -286 -287 -288 -289 -290 -291 -292 -248 -293 -294 -295 -296 -297 -298 -299 -300 -301 -302 -249 -303 -304 -305 -306 -307 -308 -309 -310 -311 -312 -250 -313 -314 -315 -316 -317 -318 -319 -320 -321 -322 -251 -323 -252 0