39 0
-86 0
-85 0
-84 0
-83 0
-82 0
-81 0
-80 0
-79 0
-78 0
-77 0
-76 0
-75 0
-74 0
-73 0
-72 0
-71 0
-70 0
-69 0
-68 0
-67 0
-66 0
-65 0
-64 0
-63 0
-62 0
-61 0
-60 0
-59 0
-58 0
-57 0
-56 0
-55 0
-54 0
-53 0
-52 0
-51 0
-50 0
-49 0
-48 0
-47 0
-46 0
-45 0
-44 0
-43 0
-42 0
-41 0
-40 0
-38 0
-37 0
-36 0
-35 0
-34 0
-33 0
-32 0
-31 0
-30 0
-29 0
-28 0
-27 0
-26 0
-25 0
-24 0
-23 0
-22 0
-21 0
-20 0
-19 0
-18 0
-17 0
-16 0
-15 0
-14 0
-13 0
-12 0
-11 0
-1 0
-9 0
-8 0
-7 0
-6 0
-5 0
-4 0
-3 0
-2 0
-10 0

444 -1 -2 -3 -4 -87 0
444 1 87 0
444 2 87 0
444 3 87 0
444 4 87 0
445 -1 -5 -3 -4 -88 0
445 1 88 0
445 5 88 0
445 3 88 0
445 4 88 0
446 -6 -7 -8 89 0
446 6 -89 0
446 7 -89 0
446 8 -89 0
447 -1 -5 -9 90 0
447 1 -90 0
447 5 -90 0
447 9 -90 0
448 -1 -2 -9 -4 -91 0
448 1 91 0
448 2 91 0
448 9 91 0
448 4 91 0
449 -1 -2 -3 -10 -92 0
449 1 92 0
449 2 92 0
449 3 92 0
449 10 92 0
450 -11 -8 -12 -13 -93 0
450 11 93 0
450 8 93 0
450 12 93 0
450 13 93 0
451 -6 -12 -94 0
451 6 94 0
451 12 94 0
452 -11 -12 -15 -95 0
452 11 95 0
452 12 95 0
452 15 95 0
453 -6 -16 -17 96 0
453 6 -96 0
453 16 -96 0
453 17 -96 0
454 -6 -16 -8 97 0
454 6 -97 0
454 16 -97 0
454 8 -97 0
455 -6 -7 -17 98 0
455 6 -98 0
455 7 -98 0
455 17 -98 0
456 -6 -7 -8 99 0
456 6 -99 0
456 7 -99 0
456 8 -99 0
457 -11 -16 -17 100 0
457 11 -100 0
457 16 -100 0
457 17 -100 0
458 -11 -16 -8 101 0
458 11 -101 0
458 16 -101 0
458 8 -101 0
459 -11 -7 -17 102 0
459 11 -102 0
459 7 -102 0
459 17 -102 0
460 -11 -7 -8 103 0
460 11 -103 0
460 7 -103 0
460 8 -103 0
461 -18 -19 104 0
461 18 -104 0
461 19 -104 0
462 20 21 -105 0
462 -20 105 0
462 -21 105 0
463 -24 -25 -106 0
463 24 106 0
463 25 106 0
464 24 25 -107 0
464 -24 107 0
464 -25 107 0
465 -26 -27 -108 0
465 26 108 0
465 27 108 0
466 26 27 -109 0
466 -26 109 0
466 -27 109 0
467 -28 -29 -110 0
467 28 110 0
467 29 110 0
468 28 29 -111 0
468 -28 111 0
468 -29 111 0
469 -30 -31 -112 0
469 30 112 0
469 31 112 0
470 30 31 -113 0
470 -30 113 0
470 -31 113 0
471 -2 -34 114 0
471 2 -114 0
471 34 -114 0
472 60 115 0
472 -60 -115 0
473 -9 -34 116 0
473 9 -116 0
473 34 -116 0
474 -4 -34 117 0
474 4 -117 0
474 34 -117 0
475 -38 -34 118 0
475 38 -118 0
475 34 -118 0
476 -11 -40 -119 0
476 11 119 0
476 40 119 0
477 4 8 120 0
477 -4 -120 0
477 -8 -120 0
478 -4 -8 121 0
478 4 -121 0
478 8 -121 0
479 -41 -42 -122 0
479 41 122 0
479 42 122 0
480 41 42 -123 0
480 -41 123 0
480 -42 123 0
481 -43 -44 -124 0
481 43 124 0
481 44 124 0
482 43 44 -125 0
482 -43 125 0
482 -44 125 0
483 -45 -46 -126 0
483 45 126 0
483 46 126 0
484 45 46 -127 0
484 -45 127 0
484 -46 127 0
485 -47 -48 -128 0
485 47 128 0
485 48 128 0
486 47 48 -129 0
486 -47 129 0
486 -48 129 0
487 -50 -24 130 0
487 50 -130 0
487 24 -130 0
488 -50 -25 131 0
488 50 -131 0
488 25 -131 0
489 -50 -26 132 0
489 50 -132 0
489 26 -132 0
490 -50 -27 133 0
490 50 -133 0
490 27 -133 0
491 -50 -28 134 0
491 50 -134 0
491 28 -134 0
492 -55 -56 135 0
492 55 -135 0
492 56 -135 0
493 -50 -29 136 0
493 50 -136 0
493 29 -136 0
494 -55 -57 137 0
494 55 -137 0
494 57 -137 0
495 -50 -30 138 0
495 50 -138 0
495 30 -138 0
496 -55 -59 139 0
496 55 -139 0
496 59 -139 0
497 87 140 0
497 -87 -140 0
498 89 141 0
498 -89 -141 0
499 88 89 -142 0
499 -88 142 0
499 -89 142 0
500 90 143 0
500 -90 -143 0
501 90 144 0
501 -90 -144 0
502 91 145 0
502 -91 -145 0
503 92 93 146 0
503 -92 -146 0
503 -93 -146 0
504 92 94 -147 0
504 -92 147 0
504 -94 147 0
505 92 95 -148 0
505 -92 148 0
505 -95 148 0
506 100 149 0
506 -100 -149 0
507 101 150 0
507 -101 -150 0
508 102 151 0
508 -102 -151 0
509 103 152 0
509 -103 -152 0
510 -22 -105 -153 0
510 22 153 0
510 105 153 0
511 -23 -105 154 0
511 23 -154 0
511 105 -154 0
512 -106 -107 -155 0
512 106 155 0
512 107 155 0
513 -108 -109 -156 0
513 108 156 0
513 109 156 0
514 -110 -111 -157 0
514 110 157 0
514 111 157 0
515 -112 -113 -158 0
515 112 158 0
515 113 158 0
516 115 159 0
516 -115 -159 0
517 120 121 160 0
517 -120 -160 0
517 -121 -160 0
518 -122 -123 -161 0
518 122 161 0
518 123 161 0
519 -124 -125 -162 0
519 124 162 0
519 125 162 0
520 -126 -127 -163 0
520 126 163 0
520 127 163 0
521 -128 -129 -164 0
521 128 164 0
521 129 164 0
522 97 -61 0
522 -97 61 0
523 98 -62 0
523 -98 62 0
524 99 -63 0
524 -99 63 0
525 104 -64 0
525 -104 64 0
526 88 141 -165 0
526 -88 165 0
526 -141 165 0
527 143 166 0
527 -143 -166 0
528 144 167 0
528 -144 -167 0
529 -146 -14 168 0
529 146 -168 0
529 14 -168 0
530 147 169 0
530 -147 -169 0
531 148 170 0
531 -148 -170 0
532 153 171 0
532 -153 -171 0
533 155 172 0
533 -155 -172 0
534 156 173 0
534 -156 -173 0
535 -155 -156 174 0
535 155 -174 0
535 156 -174 0
536 157 175 0
536 -157 -175 0
537 158 176 0
537 -158 -176 0
538 -157 -158 177 0
538 157 -177 0
538 158 -177 0
539 -145 -150 -178 0
539 145 178 0
539 150 178 0
540 161 179 0
540 -161 -179 0
541 162 180 0
541 -162 -180 0
542 -161 -162 181 0
542 161 -181 0
542 162 -181 0
543 163 182 0
543 -163 -182 0
544 164 183 0
544 -164 -183 0
545 -163 -164 184 0
545 163 -184 0
545 164 -184 0
546 -50 -159 185 0
546 50 -185 0
546 159 -185 0
547 140 -65 0
547 -140 65 0
548 142 -66 0
548 -142 66 0
549 149 -67 0
549 -149 67 0
550 151 -68 0
550 -151 68 0
551 152 -69 0
551 -152 69 0
552 154 -70 0
552 -154 70 0
553 168 186 0
553 -168 -186 0
554 -172 -173 187 0
554 172 -187 0
554 173 -187 0
555 -175 -176 188 0
555 175 -188 0
555 176 -188 0
556 -119 -166 -10 189 0
556 119 -189 0
556 166 -189 0
556 10 -189 0
557 -166 -4 -96 190 0
557 166 -190 0
557 4 -190 0
557 96 -190 0
558 -166 -96 -10 -191 0
558 166 191 0
558 96 191 0
558 10 191 0
559 -160 -11 -40 -166 -192 0
559 160 192 0
559 11 192 0
559 40 192 0
559 166 192 0
560 -166 -119 -4 -193 0
560 166 193 0
560 119 193 0
560 4 193 0
561 -179 -180 194 0
561 179 -194 0
561 180 -194 0
562 -182 -183 195 0
562 182 -195 0
562 183 -195 0
563 165 -71 0
563 -165 71 0
564 167 -72 0
564 -167 72 0
565 169 -73 0
565 -169 73 0
566 170 -74 0
566 -170 74 0
567 171 -75 0
567 -171 75 0
568 186 196 0
568 -186 -196 0
569 174 187 197 0
569 -174 -197 0
569 -187 -197 0
570 177 188 198 0
570 -177 -198 0
570 -188 -198 0
571 -192 -178 -199 0
571 192 199 0
571 178 199 0
572 -35 -189 200 0
572 35 -200 0
572 189 -200 0
573 -115 -190 201 0
573 115 -201 0
573 190 -201 0
574 -36 -189 202 0
574 36 -202 0
574 189 -202 0
575 -115 -190 203 0
575 115 -203 0
575 190 -203 0
576 -37 -189 204 0
576 37 -204 0
576 189 -204 0
577 -115 -190 205 0
577 115 -205 0
577 190 -205 0
578 -39 -189 206 0
578 39 -206 0
578 189 -206 0
579 -115 -190 207 0
579 115 -207 0
579 190 -207 0
580 -193 -1 -208 0
580 193 208 0
580 1 208 0
581 159 191 -209 0
581 -159 209 0
581 -191 209 0
582 159 191 -210 0
582 -159 210 0
582 -191 210 0
583 159 191 -211 0
583 -159 211 0
583 -191 211 0
584 159 191 -212 0
584 -159 212 0
584 -191 212 0
585 181 194 213 0
585 -181 -213 0
585 -194 -213 0
586 184 195 214 0
586 -184 -214 0
586 -195 -214 0
587 -32 -197 -215 0
587 32 215 0
587 197 215 0
588 32 197 -216 0
588 -32 216 0
588 -197 216 0
589 -198 -33 -217 0
589 198 217 0
589 33 217 0
590 198 33 -218 0
590 -198 218 0
590 -33 218 0
591 -24 -199 219 0
591 24 -219 0
591 199 -219 0
592 200 201 220 0
592 -200 -220 0
592 -201 -220 0
593 -25 -199 221 0
593 25 -221 0
593 199 -221 0
594 202 203 222 0
594 -202 -222 0
594 -203 -222 0
595 -26 -199 223 0
595 26 -223 0
595 199 -223 0
596 204 205 224 0
596 -204 -224 0
596 -205 -224 0
597 -27 -199 225 0
597 27 -225 0
597 199 -225 0
598 206 207 226 0
598 -206 -226 0
598 -207 -226 0
599 -35 -208 227 0
599 35 -227 0
599 208 -227 0
600 -28 -199 228 0
600 28 -228 0
600 199 -228 0
601 -36 -208 229 0
601 36 -229 0
601 208 -229 0
602 -29 -199 230 0
602 29 -230 0
602 199 -230 0
603 -37 -208 231 0
603 37 -231 0
603 208 -231 0
604 -30 -199 232 0
604 30 -232 0
604 199 -232 0
605 -39 -208 233 0
605 39 -233 0
605 208 -233 0
606 -31 -199 234 0
606 31 -234 0
606 199 -234 0
607 -32 -213 -235 0
607 32 235 0
607 213 235 0
608 32 213 -236 0
608 -32 236 0
608 -213 236 0
609 -214 -49 -237 0
609 214 237 0
609 49 237 0
610 214 49 -238 0
610 -214 238 0
610 -49 238 0
611 -196 -41 239 0
611 196 -239 0
611 41 -239 0
612 -196 -42 240 0
612 196 -240 0
612 42 -240 0
613 -196 -43 241 0
613 196 -241 0
613 43 -241 0
614 -196 -44 242 0
614 196 -242 0
614 44 -242 0
615 -196 -45 243 0
615 196 -243 0
615 45 -243 0
616 -196 -46 -244 0
616 196 244 0
616 46 244 0
617 -196 -47 -245 0
617 196 245 0
617 47 245 0
618 -196 -48 -246 0
618 196 246 0
618 48 246 0
619 -215 -216 -247 0
619 215 247 0
619 216 247 0
620 -217 -218 -248 0
620 217 248 0
620 218 248 0
621 114 219 249 0
621 -114 -249 0
621 -219 -249 0
622 116 221 250 0
622 -116 -250 0
622 -221 -250 0
623 117 223 251 0
623 -117 -251 0
623 -223 -251 0
624 118 225 252 0
624 -118 -252 0
624 -225 -252 0
625 227 228 253 0
625 -227 -253 0
625 -228 -253 0
626 229 230 254 0
626 -229 -254 0
626 -230 -254 0
627 231 232 255 0
627 -231 -255 0
627 -232 -255 0
628 233 234 256 0
628 -233 -256 0
628 -234 -256 0
629 -235 -236 -257 0
629 235 257 0
629 236 257 0
630 -237 -238 -258 0
630 237 258 0
630 238 258 0
631 247 259 0
631 -247 -259 0
632 248 260 0
632 -248 -260 0
633 -247 -248 261 0
633 247 -261 0
633 248 -261 0
634 -249 -220 -262 0
634 249 262 0
634 220 262 0
635 -250 -222 -263 0
635 250 263 0
635 222 263 0
636 -251 -224 -264 0
636 251 264 0
636 224 264 0
637 -252 -226 -265 0
637 252 265 0
637 226 265 0
638 -209 -253 -266 0
638 209 266 0
638 253 266 0
639 -210 -254 -267 0
639 210 267 0
639 254 267 0
640 -211 -255 -268 0
640 211 268 0
640 255 268 0
641 -212 -256 -269 0
641 212 269 0
641 256 269 0
642 257 270 0
642 -257 -270 0
643 258 271 0
643 -258 -271 0
644 -257 -258 272 0
644 257 -272 0
644 258 -272 0
645 -259 -260 273 0
645 259 -273 0
645 260 -273 0
646 -270 -271 274 0
646 270 -274 0
646 271 -274 0
647 -262 -41 -275 0
647 262 275 0
647 41 275 0
648 262 41 -276 0
648 -262 276 0
648 -41 276 0
649 -54 -262 277 0
649 54 -277 0
649 262 -277 0
650 -263 -42 -278 0
650 263 278 0
650 42 278 0
651 263 42 -279 0
651 -263 279 0
651 -42 279 0
652 -54 -263 280 0
652 54 -280 0
652 263 -280 0
653 -264 -43 -281 0
653 264 281 0
653 43 281 0
654 264 43 -282 0
654 -264 282 0
654 -43 282 0
655 -54 -264 283 0
655 54 -283 0
655 264 -283 0
656 -265 -44 -284 0
656 265 284 0
656 44 284 0
657 265 44 -285 0
657 -265 285 0
657 -44 285 0
658 -54 -265 286 0
658 54 -286 0
658 265 -286 0
659 -266 -45 -287 0
659 266 287 0
659 45 287 0
660 266 45 -288 0
660 -266 288 0
660 -45 288 0
661 -54 -266 289 0
661 54 -289 0
661 266 -289 0
662 -267 -46 -290 0
662 267 290 0
662 46 290 0
663 267 46 -291 0
663 -267 291 0
663 -46 291 0
664 -54 -267 292 0
664 54 -292 0
664 267 -292 0
665 -268 -47 -293 0
665 268 293 0
665 47 293 0
666 268 47 -294 0
666 -268 294 0
666 -47 294 0
667 -54 -268 295 0
667 54 -295 0
667 268 -295 0
668 -269 -48 -296 0
668 269 296 0
668 48 296 0
669 269 48 -297 0
669 -269 297 0
669 -48 297 0
670 -54 -269 298 0
670 54 -298 0
670 269 -298 0
671 261 273 299 0
671 -261 -299 0
671 -273 -299 0
672 272 274 300 0
672 -272 -300 0
672 -274 -300 0
673 275 301 0
673 -275 -301 0
674 -276 -275 302 0
674 276 -302 0
674 275 -302 0
675 277 239 303 0
675 -277 -303 0
675 -239 -303 0
676 278 304 0
676 -278 -304 0
677 -279 -278 305 0
677 279 -305 0
677 278 -305 0
678 280 240 306 0
678 -280 -306 0
678 -240 -306 0
679 281 307 0
679 -281 -307 0
680 -282 -281 308 0
680 282 -308 0
680 281 -308 0
681 283 241 309 0
681 -283 -309 0
681 -241 -309 0
682 284 310 0
682 -284 -310 0
683 -285 -284 311 0
683 285 -311 0
683 284 -311 0
684 286 242 312 0
684 -286 -312 0
684 -242 -312 0
685 287 313 0
685 -287 -313 0
686 -288 -287 314 0
686 288 -314 0
686 287 -314 0
687 289 243 315 0
687 -289 -315 0
687 -243 -315 0
688 290 316 0
688 -290 -316 0
689 -291 -290 317 0
689 291 -317 0
689 290 -317 0
690 135 292 318 0
690 -135 -318 0
690 -292 -318 0
691 293 319 0
691 -293 -319 0
692 -294 -293 320 0
692 294 -320 0
692 293 -320 0
693 137 295 321 0
693 -137 -321 0
693 -295 -321 0
694 296 322 0
694 -296 -322 0
695 -297 -296 323 0
695 297 -323 0
695 296 -323 0
696 139 298 324 0
696 -139 -324 0
696 -298 -324 0
697 -297 -58 -325 0
697 297 325 0
697 58 325 0
698 -294 -297 -58 -326 0
698 294 326 0
698 297 326 0
698 58 326 0
699 -291 -294 -297 -58 -327 0
699 291 327 0
699 294 327 0
699 297 327 0
699 58 327 0
700 301 328 0
700 -301 -328 0
701 -52 -302 329 0
701 52 -329 0
701 302 -329 0
702 -53 -301 330 0
702 53 -330 0
702 301 -330 0
703 304 331 0
703 -304 -331 0
704 -52 -305 332 0
704 52 -332 0
704 305 -332 0
705 -53 -304 333 0
705 53 -333 0
705 304 -333 0
706 307 334 0
706 -307 -334 0
707 -52 -308 335 0
707 52 -335 0
707 308 -335 0
708 -53 -307 336 0
708 53 -336 0
708 307 -336 0
709 310 337 0
709 -310 -337 0
710 -52 -311 338 0
710 52 -338 0
710 311 -338 0
711 -53 -310 339 0
711 53 -339 0
711 310 -339 0
712 313 340 0
712 -313 -340 0
713 -52 -314 341 0
713 52 -341 0
713 314 -341 0
714 -53 -313 342 0
714 53 -342 0
714 313 -342 0
715 316 343 0
715 -316 -343 0
716 -52 -317 344 0
716 52 -344 0
716 317 -344 0
717 -53 -316 345 0
717 53 -345 0
717 316 -345 0
718 319 346 0
718 -319 -346 0
719 -52 -320 347 0
719 52 -347 0
719 320 -347 0
720 -53 -319 348 0
720 53 -348 0
720 319 -348 0
721 322 349 0
721 -322 -349 0
722 323 58 350 0
722 -323 -350 0
722 -58 -350 0
723 -323 -58 351 0
723 323 -351 0
723 58 -351 0
724 -52 -323 352 0
724 52 -352 0
724 323 -352 0
725 -53 -322 353 0
725 53 -353 0
725 322 -353 0
726 -294 -322 -354 0
726 294 354 0
726 322 354 0
727 -291 -319 -355 0
727 291 355 0
727 319 355 0
728 -291 -294 -322 -356 0
728 291 356 0
728 294 356 0
728 322 356 0
729 -282 -310 -357 0
729 282 357 0
729 310 357 0
730 -279 -307 -358 0
730 279 358 0
730 307 358 0
731 -279 -282 -310 -359 0
731 279 359 0
731 282 359 0
731 310 359 0
732 299 -76 0
732 -299 76 0
733 300 -77 0
733 -300 77 0
734 329 330 360 0
734 -329 -360 0
734 -330 -360 0
735 332 333 361 0
735 -332 -361 0
735 -333 -361 0
736 335 336 362 0
736 -335 -362 0
736 -336 -362 0
737 338 339 363 0
737 -338 -363 0
737 -339 -363 0
738 -343 -355 -356 -327 -364 0
738 343 364 0
738 355 364 0
738 356 364 0
738 327 364 0
739 341 342 365 0
739 -341 -365 0
739 -342 -365 0
740 -346 -354 -326 -366 0
740 346 366 0
740 354 366 0
740 326 366 0
741 344 345 367 0
741 -344 -367 0
741 -345 -367 0
742 -349 -325 -368 0
742 349 368 0
742 325 368 0
743 347 348 369 0
743 -347 -369 0
743 -348 -369 0
744 350 351 370 0
744 -350 -370 0
744 -351 -370 0
745 352 353 371 0
745 -352 -371 0
745 -353 -371 0
746 314 364 372 0
746 -314 -372 0
746 -364 -372 0
747 -314 -364 373 0
747 314 -373 0
747 364 -373 0
748 317 366 374 0
748 -317 -374 0
748 -366 -374 0
749 -317 -366 375 0
749 317 -375 0
749 366 -375 0
750 320 368 376 0
750 -320 -376 0
750 -368 -376 0
751 -320 -368 377 0
751 320 -377 0
751 368 -377 0
752 -51 -370 378 0
752 51 -378 0
752 370 -378 0
753 -288 -364 -379 0
753 288 379 0
753 364 379 0
754 -379 -340 -380 0
754 379 380 0
754 340 380 0
755 372 373 381 0
755 -372 -381 0
755 -373 -381 0
756 374 375 382 0
756 -374 -382 0
756 -375 -382 0
757 376 377 383 0
757 -376 -383 0
757 -377 -383 0
758 138 378 384 0
758 -138 -384 0
758 -378 -384 0
759 311 380 385 0
759 -311 -385 0
759 -380 -385 0
760 -311 -380 386 0
760 311 -386 0
760 380 -386 0
761 -51 -381 387 0
761 51 -387 0
761 381 -387 0
762 -51 -382 388 0
762 51 -388 0
762 382 -388 0
763 -51 -383 389 0
763 51 -389 0
763 383 -389 0
764 -384 -371 -324 -246 -390 0
764 384 390 0
764 371 390 0
764 324 390 0
764 246 390 0
765 -285 -380 -391 0
765 285 391 0
765 380 391 0
766 -282 -285 -380 -392 0
766 282 392 0
766 285 392 0
766 380 392 0
767 -279 -282 -285 -380 -393 0
767 279 393 0
767 282 393 0
767 285 393 0
767 380 393 0
768 -331 -358 -359 -393 -394 0
768 331 394 0
768 358 394 0
768 359 394 0
768 393 394 0
769 -334 -357 -392 -395 0
769 334 395 0
769 357 395 0
769 392 395 0
770 -337 -391 -396 0
770 337 396 0
770 391 396 0
771 385 386 397 0
771 -385 -397 0
771 -386 -397 0
772 133 387 398 0
772 -133 -398 0
772 -387 -398 0
773 134 388 399 0
773 -134 -399 0
773 -388 -399 0
774 136 389 400 0
774 -136 -400 0
774 -389 -400 0
775 390 401 0
775 -390 -401 0
776 302 394 402 0
776 -302 -402 0
776 -394 -402 0
777 -302 -394 403 0
777 302 -403 0
777 394 -403 0
778 305 395 404 0
778 -305 -404 0
778 -395 -404 0
779 -305 -395 405 0
779 305 -405 0
779 395 -405 0
780 308 396 406 0
780 -308 -406 0
780 -396 -406 0
781 -308 -396 407 0
781 308 -407 0
781 396 -407 0
782 -51 -397 408 0
782 51 -408 0
782 397 -408 0
783 -398 -365 -315 -409 0
783 398 409 0
783 365 409 0
783 315 409 0
784 -399 -367 -318 -244 -410 0
784 399 410 0
784 367 410 0
784 318 410 0
784 244 410 0
785 -400 -369 -321 -245 -411 0
785 400 411 0
785 369 411 0
785 321 411 0
785 245 411 0
786 401 412 0
786 -401 -412 0
787 -394 -276 -413 0
787 394 413 0
787 276 413 0
788 402 403 414 0
788 -402 -414 0
788 -403 -414 0
789 404 405 415 0
789 -404 -415 0
789 -405 -415 0
790 406 407 416 0
790 -406 -416 0
790 -407 -416 0
791 132 408 417 0
791 -132 -417 0
791 -408 -417 0
792 409 418 0
792 -409 -418 0
793 410 419 0
793 -410 -419 0
794 411 420 0
794 -411 -420 0
795 -328 -413 421 0
795 328 -421 0
795 413 -421 0
796 412 -78 0
796 -412 78 0
797 -51 -414 422 0
797 51 -422 0
797 414 -422 0
798 -51 -415 423 0
798 51 -423 0
798 415 -423 0
799 -51 -416 424 0
799 51 -424 0
799 416 -424 0
800 -417 -363 -312 -425 0
800 417 425 0
800 363 425 0
800 312 425 0
801 418 426 0
801 -418 -426 0
802 419 427 0
802 -419 -427 0
803 420 428 0
803 -420 -428 0
804 421 429 0
804 -421 -429 0
805 185 422 430 0
805 -185 -430 0
805 -422 -430 0
806 130 423 431 0
806 -130 -431 0
806 -423 -431 0
807 131 424 432 0
807 -131 -432 0
807 -424 -432 0
808 425 433 0
808 -425 -433 0
809 426 -79 0
809 -426 79 0
810 427 -80 0
810 -427 80 0
811 428 -81 0
811 -428 81 0
812 429 -82 0
812 -429 82 0
813 -430 -360 -303 -434 0
813 430 434 0
813 360 434 0
813 303 434 0
814 -431 -361 -306 -435 0
814 431 435 0
814 361 435 0
814 306 435 0
815 -432 -362 -309 -436 0
815 432 436 0
815 362 436 0
815 309 436 0
816 433 437 0
816 -433 -437 0
817 434 438 0
817 -434 -438 0
818 435 439 0
818 -435 -439 0
819 436 440 0
819 -436 -440 0
820 437 -83 0
820 -437 83 0
821 438 441 0
821 -438 -441 0
822 439 442 0
822 -439 -442 0
823 440 443 0
823 -440 -443 0
824 441 -84 0
824 -441 84 0
825 442 -85 0
825 -442 85 0
826 443 -86 0
826 -443 86 0
-545 -546 -554 -555 -561 -562 -572 -573 -574 -575 -576 -577 -578 -579 -591 -593 -595 -597 -599 -600 -601 -602 -603 -604 -605 -606 -611 -612 -613 -614 -615 -461 -633 -644 -645 -646 -649 -652 -655 -658 -661 -664 -667 -670 -674 -677 -680 -683 -686 -689 -692 -695 -701 -702 -704 -705 -707 -708 -710 -711 -713 -714 -716 -717 -719 -720 -471 -723 -724 -725 -473 -747 -749 -751 -752 -474 -760 -761 -762 -475 -763 -777 -779 -781 -782 -478 -795 -797 -798 -799 -487 -488 -489 -490 -491 -492 -493 -494 -495 -496 -511 -529 -535 -538 -542 -453 -454 -556 -557 -455 -456 -457 -458 -459 -460 -446 -447 -547 -548 -549 -550 -551 -552 -563 -564 -565 -566 -567 -732 -733 -796 -809 -810 -811 -812 -820 -824 -825 -826 -522 -523 -524 -525 -571 -580 -587 -589 -607 -609 -616 -617 -618 -619 -620 -629 -630 -634 -635 -636 -637 -638 -639 -640 -641 -463 -647 -650 -653 -656 -659 -662 -465 -665 -668 -467 -697 -469 -726 -727 -729 -730 -742 -753 -754 -765 -770 -476 -787 -479 -481 -483 -485 -510 -512 -513 -514 -515 -518 -519 -520 -521 -451 -539 -558 -560 -698 -728 -731 -740 -766 -769 -783 -800 -813 -814 -815 -452 -444 -559 -445 -699 -738 -764 -767 -768 -784 -785 -448 -449 -450 -569 -570 -585 -586 -592 -594 -596 -598 -621 -622 -623 -624 -625 -626 -627 -628 -671 -672 -675 -678 -681 -684 -687 -690 -693 -696 -722 -734 -735 -736 -737 -739 -741 -743 -744 -745 -746 -748 -750 -755 -756 -757 -758 -759 -771 -772 -773 -774 -776 -778 -780 -477 -788 -789 -790 -791 -805 -806 -807 -503 -517 -543 -544 -553 -568 -631 -632 -642 -643 -673 -676 -679 -682 -685 -688 -691 -694 -700 -703 -706 -709 -712 -715 -718 -721 -472 -775 -786 -792 -793 -794 -801 -802 -803 -804 -808 -816 -817 -818 -819 -821 -822 -823 -497 -498 -500 -501 -502 -506 -507 -508 -509 -516 -527 -528 -530 -531 -532 -533 -534 -536 -537 -540 -541 -581 -582 -583 -584 -588 -590 -608 -610 -462 -648 -651 -464 -654 -657 -660 -663 -666 -669 -466 -468 -470 -480 -482 -484 -486 -499 -504 -505 -526 0