5 0
11 0
14 0
17 0
22 0
23 0
24 0
26 0
34 0
36 0
38 0
41 0
44 0
51 0
58 0
-57 0
-56 0
-55 0
-54 0
-53 0
-52 0
-50 0
-49 0
-48 0
-47 0
-46 0
-45 0
-43 0
-42 0
-40 0
-39 0
-37 0
-35 0
-33 0
-32 0
-31 0
-30 0
-29 0
-28 0
-27 0
-25 0
-21 0
-20 0
-19 0
-18 0
-16 0
-15 0
-13 0
-12 0
-10 0
-9 0
-8 0
-7 0
-6 0
-2 0
-4 0
-3 0
-1 0

914 1 59 0
914 -1 -59 0
915 2 60 0
915 -2 -60 0
916 3 61 0
916 -3 -61 0
917 4 62 0
917 -4 -62 0
918 5 63 0
918 -5 -63 0
919 6 64 0
919 -6 -64 0
920 7 65 0
920 -7 -65 0
921 8 66 0
921 -8 -66 0
922 9 67 0
922 -9 -67 0
923 10 68 0
923 -10 -68 0
924 11 69 0
924 -11 -69 0
925 12 70 0
925 -12 -70 0
926 13 71 0
926 -13 -71 0
927 14 72 0
927 -14 -72 0
928 15 73 0
928 -15 -73 0
929 16 74 0
929 -16 -74 0
930 -21 -29 -75 0
930 21 75 0
930 29 75 0
931 -22 -30 -76 0
931 22 76 0
931 30 76 0
932 24 77 0
932 -24 -77 0
933 24 78 0
933 -24 -78 0
934 23 -79 0
934 -23 79 0
935 23 -80 0
935 -23 80 0
936 25 81 0
936 -25 -81 0
937 26 82 0
937 -26 -82 0
938 27 83 0
938 -27 -83 0
939 28 84 0
939 -28 -84 0
940 33 85 0
940 -33 -85 0
941 33 86 0
941 -33 -86 0
942 29 87 0
942 -29 -87 0
943 30 88 0
943 -30 -88 0
944 31 -89 0
944 -31 89 0
945 31 90 0
945 -31 -90 0
946 31 -91 0
946 -31 91 0
947 31 92 0
947 -31 -92 0
948 32 -93 0
948 -32 93 0
949 32 94 0
949 -32 -94 0
950 32 95 0
950 -32 -95 0
951 33 -96 0
951 -33 96 0
952 33 97 0
952 -33 -97 0
953 33 -98 0
953 -33 98 0
954 33 -99 0
954 -33 99 0
955 33 100 0
955 -33 -100 0
956 1 -101 0
956 -1 101 0
957 2 -102 0
957 -2 102 0
958 3 -103 0
958 -3 103 0
959 4 -104 0
959 -4 104 0
960 5 -105 0
960 -5 105 0
961 6 -106 0
961 -6 106 0
962 7 -107 0
962 -7 107 0
963 8 -108 0
963 -8 108 0
964 9 -109 0
964 -9 109 0
965 10 -110 0
965 -10 110 0
966 11 -111 0
966 -11 111 0
967 12 -112 0
967 -12 112 0
968 13 -113 0
968 -13 113 0
969 14 -114 0
969 -14 114 0
970 15 -115 0
970 -15 115 0
971 16 -116 0
971 -16 116 0
972 101 117 0
972 -101 -117 0
973 102 118 0
973 -102 -118 0
974 103 119 0
974 -103 -119 0
975 104 120 0
975 -104 -120 0
976 105 121 0
976 -105 -121 0
977 106 122 0
977 -106 -122 0
978 107 123 0
978 -107 -123 0
979 108 124 0
979 -108 -124 0
980 109 125 0
980 -109 -125 0
981 110 126 0
981 -110 -126 0
982 111 127 0
982 -111 -127 0
983 112 128 0
983 -112 -128 0
984 113 129 0
984 -113 -129 0
985 114 130 0
985 -114 -130 0
986 115 131 0
986 -115 -131 0
987 116 132 0
987 -116 -132 0
988 -94 -99 -133 0
988 94 133 0
988 99 133 0
989 -94 -99 -134 0
989 94 134 0
989 99 134 0
990 -94 -99 -135 0
990 94 135 0
990 99 135 0
991 -94 -99 -136 0
991 94 136 0
991 99 136 0
992 -94 -99 -137 0
992 94 137 0
992 99 137 0
993 -94 -99 -138 0
993 94 138 0
993 99 138 0
994 59 -139 0
994 -59 139 0
995 60 -140 0
995 -60 140 0
996 63 -141 0
996 -63 141 0
997 64 -142 0
997 -64 142 0
998 68 -143 0
998 -68 143 0
999 73 -144 0
999 -73 144 0
1000 -21 -97 145 0
1000 21 -145 0
1000 97 -145 0
1001 67 -146 0
1001 -67 146 0
1002 69 -147 0
1002 -69 147 0
1003 70 -148 0
1003 -70 148 0
1004 -22 -97 149 0
1004 22 -149 0
1004 97 -149 0
1005 72 -150 0
1005 -72 150 0
1006 -17 -77 -97 151 0
1006 17 -151 0
1006 77 -151 0
1006 97 -151 0
1007 74 -152 0
1007 -74 152 0
1008 72 -153 0
1008 -72 153 0
1009 -98 -87 -154 0
1009 98 154 0
1009 87 154 0
1010 -98 -88 -155 0
1010 98 155 0
1010 88 155 0
1011 -80 -24 -156 0
1011 80 156 0
1011 24 156 0
1012 -80 -92 -157 0
1012 80 157 0
1012 92 157 0
1013 -78 -92 -158 0
1013 78 158 0
1013 92 158 0
1014 62 -159 0
1014 -62 159 0
1015 66 -160 0
1015 -66 160 0
1016 67 -161 0
1016 -67 161 0
1017 72 -162 0
1017 -72 162 0
1018 59 -163 0
1018 -59 163 0
1019 59 -164 0
1019 -59 164 0
1020 60 -165 0
1020 -60 165 0
1021 69 -166 0
1021 -69 166 0
1022 61 -167 0
1022 -61 167 0
1023 -19 -79 -97 168 0
1023 19 -168 0
1023 79 -168 0
1023 97 -168 0
1024 70 -169 0
1024 -70 169 0
1025 62 -170 0
1025 -62 170 0
1026 71 -171 0
1026 -71 171 0
1027 -20 -79 -97 172 0
1027 20 -172 0
1027 79 -172 0
1027 97 -172 0
1028 81 -173 0
1028 -81 173 0
1029 81 -174 0
1029 -81 174 0
1030 82 -175 0
1030 -82 175 0
1031 82 -176 0
1031 -82 176 0
1032 83 -177 0
1032 -83 177 0
1033 83 -178 0
1033 -83 178 0
1034 84 -179 0
1034 -84 179 0
1035 84 -180 0
1035 -84 180 0
1036 -75 -96 181 0
1036 75 -181 0
1036 96 -181 0
1037 -76 -96 182 0
1037 76 -182 0
1037 96 -182 0
1038 61 -183 0
1038 -61 183 0
1039 61 -184 0
1039 -61 184 0
1040 65 -185 0
1040 -65 185 0
1041 65 -186 0
1041 -65 186 0
1042 74 -187 0
1042 -74 187 0
1043 74 -188 0
1043 -74 188 0
1044 71 -189 0
1044 -71 189 0
1045 71 -190 0
1045 -71 190 0
1046 62 -191 0
1046 -62 191 0
1047 62 -192 0
1047 -62 192 0
1048 63 -193 0
1048 -63 193 0
1049 66 -194 0
1049 -66 194 0
1050 -18 -77 -97 195 0
1050 18 -195 0
1050 77 -195 0
1050 97 -195 0
1051 73 -196 0
1051 -73 196 0
1052 67 -197 0
1052 -67 197 0
1053 67 -198 0
1053 -67 198 0
1054 64 -199 0
1054 -64 199 0
1055 66 -200 0
1055 -66 200 0
1056 68 -201 0
1056 -68 201 0
1057 73 -202 0
1057 -73 202 0
1058 65 -203 0
1058 -65 203 0
1059 68 -204 0
1059 -68 204 0
1060 181 205 0
1060 -181 -205 0
1061 182 206 0
1061 -182 -206 0
1062 159 207 0
1062 -159 -207 0
1063 160 208 0
1063 -160 -208 0
1064 161 209 0
1064 -161 -209 0
1065 162 210 0
1065 -162 -210 0
1066 164 211 0
1066 -164 -211 0
1067 168 212 0
1067 -168 -212 0
1068 170 213 0
1068 -170 -213 0
1069 171 214 0
1069 -171 -214 0
1070 172 215 0
1070 -172 -215 0
1071 -17 -158 216 0
1071 17 -216 0
1071 158 -216 0
1072 -19 -157 217 0
1072 19 -217 0
1072 157 -217 0
1073 -18 -158 -218 0
1073 18 218 0
1073 158 218 0
1074 -20 -157 -219 0
1074 20 219 0
1074 157 219 0
1075 -17 -158 -220 0
1075 17 220 0
1075 158 220 0
1076 -19 -157 -221 0
1076 19 221 0
1076 157 221 0
1077 174 222 0
1077 -174 -222 0
1078 173 223 0
1078 -173 -223 0
1079 176 224 0
1079 -176 -224 0
1080 175 225 0
1080 -175 -225 0
1081 178 226 0
1081 -178 -226 0
1082 177 227 0
1082 -177 -227 0
1083 180 228 0
1083 -180 -228 0
1084 179 229 0
1084 -179 -229 0
1085 -87 -91 -98 -156 -230 0
1085 87 230 0
1085 91 230 0
1085 98 230 0
1085 156 230 0
1086 -88 -91 -98 -156 -231 0
1086 88 231 0
1086 91 231 0
1086 98 231 0
1086 156 231 0
1087 -93 -100 -156 -232 0
1087 93 232 0
1087 100 232 0
1087 156 232 0
1088 -93 -100 -156 233 0
1088 93 -233 0
1088 100 -233 0
1088 156 -233 0
1089 139 -234 0
1089 -139 234 0
1090 183 235 0
1090 -183 -235 0
1091 139 -236 0
1091 -139 236 0
1092 184 237 0
1092 -184 -237 0
1093 141 -238 0
1093 -141 238 0
1094 185 239 0
1094 -185 -239 0
1095 141 -240 0
1095 -141 240 0
1096 186 241 0
1096 -186 -241 0
1097 143 -242 0
1097 -143 242 0
1098 187 243 0
1098 -187 -243 0
1099 143 -244 0
1099 -143 244 0
1100 188 245 0
1100 -188 -245 0
1101 145 -246 0
1101 -145 246 0
1102 145 -247 0
1102 -145 247 0
1103 147 -248 0
1103 -147 248 0
1104 189 249 0
1104 -189 -249 0
1105 147 -250 0
1105 -147 250 0
1106 190 251 0
1106 -190 -251 0
1107 149 -252 0
1107 -149 252 0
1108 191 253 0
1108 -191 -253 0
1109 149 -254 0
1109 -149 254 0
1110 192 255 0
1110 -192 -255 0
1111 151 -256 0
1111 -151 256 0
1112 163 257 0
1112 -163 -257 0
1113 151 -258 0
1113 -151 258 0
1114 193 259 0
1114 -193 -259 0
1115 194 260 0
1115 -194 -260 0
1116 165 261 0
1116 -165 -261 0
1117 195 262 0
1117 -195 -262 0
1118 196 263 0
1118 -196 -263 0
1119 166 264 0
1119 -166 -264 0
1120 152 -265 0
1120 -152 265 0
1121 197 266 0
1121 -197 -266 0
1122 152 -267 0
1122 -152 267 0
1123 198 268 0
1123 -198 -268 0
1124 199 269 0
1124 -199 -269 0
1125 200 270 0
1125 -200 -270 0
1126 167 271 0
1126 -167 -271 0
1127 201 272 0
1127 -201 -272 0
1128 202 273 0
1128 -202 -273 0
1129 169 274 0
1129 -169 -274 0
1130 203 275 0
1130 -203 -275 0
1131 204 276 0
1131 -204 -276 0
1132 140 -277 0
1132 -140 277 0
1133 140 -278 0
1133 -140 278 0
1134 142 -279 0
1134 -142 279 0
1135 142 -280 0
1135 -142 280 0
1136 144 -281 0
1136 -144 281 0
1137 144 -282 0
1137 -144 282 0
1138 146 -283 0
1138 -146 283 0
1139 146 -284 0
1139 -146 284 0
1140 148 -285 0
1140 -148 285 0
1141 148 -286 0
1141 -148 286 0
1142 150 -287 0
1142 -150 287 0
1143 150 -288 0
1143 -150 288 0
1144 153 -289 0
1144 -153 289 0
1145 153 -290 0
1145 -153 290 0
1146 -160 -207 -291 0
1146 160 291 0
1146 207 291 0
1147 -159 -208 -292 0
1147 159 292 0
1147 208 292 0
1148 -162 -209 -293 0
1148 162 293 0
1148 209 293 0
1149 -161 -210 -294 0
1149 161 294 0
1149 210 294 0
1150 -172 -214 -295 0
1150 172 295 0
1150 214 295 0
1151 -171 -215 -296 0
1151 171 296 0
1151 215 296 0
1152 -194 -259 -297 0
1152 194 297 0
1152 259 297 0
1153 -193 -260 -298 0
1153 193 298 0
1153 260 298 0
1154 -196 -262 -299 0
1154 196 299 0
1154 262 299 0
1155 -195 -263 -300 0
1155 195 300 0
1155 263 300 0
1156 -200 -269 -301 0
1156 200 301 0
1156 269 301 0
1157 -199 -270 -302 0
1157 199 302 0
1157 270 302 0
1158 -202 -272 -303 0
1158 202 303 0
1158 272 303 0
1159 -201 -273 -304 0
1159 201 304 0
1159 273 304 0
1160 -204 -275 -305 0
1160 204 305 0
1160 275 305 0
1161 -203 -276 -306 0
1161 203 306 0
1161 276 306 0
1162 236 307 0
1162 -236 -307 0
1163 234 308 0
1163 -234 -308 0
1164 -291 -292 -309 0
1164 291 309 0
1164 292 309 0
1165 238 310 0
1165 -238 -310 0
1166 240 311 0
1166 -240 -311 0
1167 244 312 0
1167 -244 -312 0
1168 242 313 0
1168 -242 -313 0
1169 247 314 0
1169 -247 -314 0
1170 250 315 0
1170 -250 -315 0
1171 254 316 0
1171 -254 -316 0
1172 -293 -294 -317 0
1172 293 317 0
1172 294 317 0
1173 258 318 0
1173 -258 -318 0
1174 -258 -211 -319 0
1174 258 319 0
1174 211 319 0
1175 267 320 0
1175 -267 -320 0
1176 -295 -296 -321 0
1176 295 321 0
1176 296 321 0
1177 218 322 0
1177 -218 -322 0
1178 218 -323 0
1178 -218 323 0
1179 219 324 0
1179 -219 -324 0
1180 219 -325 0
1180 -219 325 0
1181 -230 -232 -326 0
1181 230 326 0
1181 232 326 0
1182 -231 -232 -327 0
1182 231 327 0
1182 232 327 0
1183 277 328 0
1183 -277 -328 0
1184 -277 -235 -329 0
1184 277 329 0
1184 235 329 0
1185 278 330 0
1185 -278 -330 0
1186 -278 -237 -331 0
1186 278 331 0
1186 237 331 0
1187 279 332 0
1187 -279 -332 0
1188 -279 -239 -333 0
1188 279 333 0
1188 239 333 0
1189 280 334 0
1189 -280 -334 0
1190 -280 -241 -335 0
1190 280 335 0
1190 241 335 0
1191 281 336 0
1191 -281 -336 0
1192 -281 -243 -337 0
1192 281 337 0
1192 243 337 0
1193 282 338 0
1193 -282 -338 0
1194 -282 -245 -339 0
1194 282 339 0
1194 245 339 0
1195 283 340 0
1195 -283 -340 0
1196 246 341 0
1196 -246 -341 0
1197 284 342 0
1197 -284 -342 0
1198 285 343 0
1198 -285 -343 0
1199 -285 -249 -344 0
1199 285 344 0
1199 249 344 0
1200 248 345 0
1200 -248 -345 0
1201 286 346 0
1201 -286 -346 0
1202 -286 -251 -347 0
1202 286 347 0
1202 251 347 0
1203 287 348 0
1203 -287 -348 0
1204 -287 -253 -349 0
1204 287 349 0
1204 253 349 0
1205 252 350 0
1205 -252 -350 0
1206 288 351 0
1206 -288 -351 0
1207 -288 -255 -352 0
1207 288 352 0
1207 255 352 0
1208 256 353 0
1208 -256 -353 0
1209 -256 -257 -354 0
1209 256 354 0
1209 257 354 0
1210 -297 -298 -355 0
1210 297 355 0
1210 298 355 0
1211 -299 -300 -356 0
1211 299 356 0
1211 300 356 0
1212 289 357 0
1212 -289 -357 0
1213 -289 -266 -358 0
1213 289 358 0
1213 266 358 0
1214 265 359 0
1214 -265 -359 0
1215 290 360 0
1215 -290 -360 0
1216 -290 -268 -361 0
1216 290 361 0
1216 268 361 0
1217 -301 -302 -362 0
1217 301 362 0
1217 302 362 0
1218 -303 -304 -363 0
1218 303 363 0
1218 304 363 0
1219 -305 -306 -364 0
1219 305 364 0
1219 306 364 0
1220 220 -365 0
1220 -220 365 0
1221 220 -366 0
1221 -220 366 0
1222 221 -367 0
1222 -221 367 0
1223 221 -368 0
1223 -221 368 0
1224 309 369 0
1224 -309 -369 0
1225 -164 -318 -370 0
1225 164 370 0
1225 318 370 0
1226 -183 -328 -371 0
1226 183 371 0
1226 328 371 0
1227 -184 -330 -372 0
1227 184 372 0
1227 330 372 0
1228 -185 -332 -373 0
1228 185 373 0
1228 332 373 0
1229 -186 -334 -374 0
1229 186 374 0
1229 334 374 0
1230 -187 -336 -375 0
1230 187 375 0
1230 336 375 0
1231 -188 -338 -376 0
1231 188 376 0
1231 338 376 0
1232 -189 -343 -377 0
1232 189 377 0
1232 343 377 0
1233 -190 -346 -378 0
1233 190 378 0
1233 346 378 0
1234 -191 -348 -379 0
1234 191 379 0
1234 348 379 0
1235 -192 -351 -380 0
1235 192 380 0
1235 351 380 0
1236 317 381 0
1236 -317 -381 0
1237 -163 -353 -382 0
1237 163 382 0
1237 353 382 0
1238 -197 -357 -383 0
1238 197 383 0
1238 357 383 0
1239 -198 -360 -384 0
1239 198 384 0
1239 360 384 0
1240 321 385 0
1240 -321 -385 0
1241 -370 -319 -386 0
1241 370 386 0
1241 319 386 0
1242 -364 -213 -387 0
1242 364 387 0
1242 213 387 0
1243 364 388 0
1243 -364 -388 0
1244 366 389 0
1244 -366 -389 0
1245 365 390 0
1245 -365 -390 0
1246 368 391 0
1246 -368 -391 0
1247 367 392 0
1247 -367 -392 0
1248 -371 -329 -393 0
1248 371 393 0
1248 329 393 0
1249 -372 -331 -394 0
1249 372 394 0
1249 331 394 0
1250 -373 -333 -395 0
1250 373 395 0
1250 333 395 0
1251 -374 -335 -396 0
1251 374 396 0
1251 335 396 0
1252 -375 -337 -397 0
1252 375 397 0
1252 337 397 0
1253 -376 -339 -398 0
1253 376 398 0
1253 339 398 0
1254 -377 -344 -399 0
1254 377 399 0
1254 344 399 0
1255 -378 -347 -400 0
1255 378 400 0
1255 347 400 0
1256 -379 -349 -401 0
1256 379 401 0
1256 349 401 0
1257 -380 -352 -402 0
1257 380 402 0
1257 352 402 0
1258 -382 -354 -403 0
1258 382 403 0
1258 354 403 0
1259 355 404 0
1259 -355 -404 0
1260 -355 -261 -405 0
1260 355 405 0
1260 261 405 0
1261 356 406 0
1261 -356 -406 0
1262 -356 -264 -407 0
1262 356 407 0
1262 264 407 0
1263 -383 -358 -408 0
1263 383 408 0
1263 358 408 0
1264 -384 -361 -409 0
1264 384 409 0
1264 361 409 0
1265 362 410 0
1265 -362 -410 0
1266 -362 -271 -411 0
1266 362 411 0
1266 271 411 0
1267 363 412 0
1267 -363 -412 0
1268 -363 -274 -413 0
1268 363 413 0
1268 274 413 0
1269 381 414 0
1269 -381 -414 0
1270 -170 -388 -415 0
1270 170 415 0
1270 388 415 0
1271 385 416 0
1271 -385 -416 0
1272 369 -417 0
1272 -369 417 0
1273 369 -418 0
1273 -369 418 0
1274 -165 -404 -419 0
1274 165 419 0
1274 404 419 0
1275 -166 -406 -420 0
1275 166 420 0
1275 406 420 0
1276 -167 -410 -421 0
1276 167 421 0
1276 410 421 0
1277 -169 -412 -422 0
1277 169 422 0
1277 412 422 0
1278 386 423 0
1278 -386 -423 0
1279 -394 -307 -424 0
1279 394 424 0
1279 307 424 0
1280 394 425 0
1280 -394 -425 0
1281 -393 -308 -426 0
1281 393 426 0
1281 308 426 0
1282 393 427 0
1282 -393 -427 0
1283 -395 -310 -428 0
1283 395 428 0
1283 310 428 0
1284 395 429 0
1284 -395 -429 0
1285 -396 -311 -430 0
1285 396 430 0
1285 311 430 0
1286 396 431 0
1286 -396 -431 0
1287 -398 -312 -432 0
1287 398 432 0
1287 312 432 0
1288 398 433 0
1288 -398 -433 0
1289 -397 -313 -434 0
1289 397 434 0
1289 313 434 0
1290 397 435 0
1290 -397 -435 0
1291 -400 -315 -436 0
1291 400 436 0
1291 315 436 0
1292 400 437 0
1292 -400 -437 0
1293 -402 -316 -438 0
1293 402 438 0
1293 316 438 0
1294 402 439 0
1294 -402 -439 0
1295 403 440 0
1295 -403 -440 0
1296 -409 -320 -441 0
1296 409 441 0
1296 320 441 0
1297 409 442 0
1297 -409 -442 0
1298 -387 -415 -443 0
1298 387 443 0
1298 415 443 0
1299 399 444 0
1299 -399 -444 0
1300 -399 -345 -445 0
1300 399 445 0
1300 345 445 0
1301 401 446 0
1301 -401 -446 0
1302 -401 -350 -447 0
1302 401 447 0
1302 350 447 0
1303 -405 -419 -448 0
1303 405 448 0
1303 419 448 0
1304 408 449 0
1304 -408 -449 0
1305 -408 -359 -450 0
1305 408 450 0
1305 359 450 0
1306 -407 -420 -451 0
1306 407 451 0
1306 420 451 0
1307 -413 -422 -452 0
1307 413 452 0
1307 422 452 0
1308 -411 -421 -453 0
1308 411 453 0
1308 421 453 0
1309 -236 -425 -454 0
1309 236 454 0
1309 425 454 0
1310 -234 -427 -455 0
1310 234 455 0
1310 427 455 0
1311 -238 -429 -456 0
1311 238 456 0
1311 429 456 0
1312 418 457 0
1312 -418 -457 0
1313 417 458 0
1313 -417 -458 0
1314 -240 -431 -459 0
1314 240 459 0
1314 431 459 0
1315 -244 -433 -460 0
1315 244 460 0
1315 433 460 0
1316 -242 -435 -461 0
1316 242 461 0
1316 435 461 0
1317 -250 -437 -462 0
1317 250 462 0
1317 437 462 0
1318 -254 -439 -463 0
1318 254 463 0
1318 439 463 0
1319 -267 -442 -464 0
1319 267 464 0
1319 442 464 0
1320 423 465 0
1320 -423 -465 0
1321 -248 -444 -466 0
1321 248 466 0
1321 444 466 0
1322 -252 -446 -467 0
1322 252 467 0
1322 446 467 0
1323 -265 -449 -468 0
1323 265 468 0
1323 449 468 0
1324 443 469 0
1324 -443 -469 0
1325 -424 -454 -470 0
1325 424 470 0
1325 454 470 0
1326 -426 -455 -471 0
1326 426 471 0
1326 455 471 0
1327 -428 -456 -472 0
1327 428 472 0
1327 456 472 0
1328 -430 -459 -473 0
1328 430 473 0
1328 459 473 0
1329 -432 -460 -474 0
1329 432 474 0
1329 460 474 0
1330 -434 -461 -475 0
1330 434 475 0
1330 461 475 0
1331 -436 -462 -476 0
1331 436 476 0
1331 462 476 0
1332 -438 -463 -477 0
1332 438 477 0
1332 463 477 0
1333 448 478 0
1333 -448 -478 0
1334 -441 -464 -479 0
1334 441 479 0
1334 464 479 0
1335 451 480 0
1335 -451 -480 0
1336 452 481 0
1336 -452 -481 0
1337 453 482 0
1337 -453 -482 0
1338 -447 -467 -483 0
1338 447 483 0
1338 467 483 0
1339 -445 -466 -484 0
1339 445 484 0
1339 466 484 0
1340 -450 -468 -485 0
1340 450 485 0
1340 468 485 0
1341 470 486 0
1341 -470 -486 0
1342 474 487 0
1342 -474 -487 0
1343 476 488 0
1343 -476 -488 0
1344 473 489 0
1344 -473 -489 0
1345 -453 -481 -490 0
1345 453 490 0
1345 481 490 0
1346 -452 -482 -491 0
1346 452 491 0
1346 482 491 0
1347 469 492 0
1347 -469 -492 0
1348 477 493 0
1348 -477 -493 0
1349 479 494 0
1349 -479 -494 0
1350 475 -495 0
1350 -475 495 0
1351 483 496 0
1351 -483 -496 0
1352 484 497 0
1352 -484 -497 0
1353 -485 -480 -498 0
1353 485 498 0
1353 480 498 0
1354 485 499 0
1354 -485 -499 0
1355 -490 -491 -500 0
1355 490 500 0
1355 491 500 0
1356 472 -501 0
1356 -472 501 0
1357 472 -502 0
1357 -472 502 0
1358 475 -503 0
1358 -475 503 0
1359 475 -504 0
1359 -475 504 0
1360 471 -505 0
1360 -471 505 0
1361 471 -506 0
1361 -471 506 0
1362 488 -507 0
1362 -488 507 0
1363 487 -508 0
1363 -487 508 0
1364 493 509 0
1364 -493 -509 0
1365 -451 -499 -510 0
1365 451 510 0
1365 499 510 0
1366 -494 -492 -511 0
1366 494 511 0
1366 492 511 0
1367 494 512 0
1367 -494 -512 0
1368 489 -513 0
1368 -489 513 0
1369 489 -514 0
1369 -489 514 0
1370 486 -515 0
1370 -486 515 0
1371 486 -516 0
1371 -486 516 0
1372 487 -517 0
1372 -487 517 0
1373 488 -518 0
1373 -488 518 0
1374 488 -519 0
1374 -488 519 0
1375 -500 -212 -520 0
1375 500 520 0
1375 212 520 0
1376 500 521 0
1376 -500 -521 0
1377 501 522 0
1377 -501 -522 0
1378 502 523 0
1378 -502 -523 0
1379 -503 -340 -524 0
1379 503 524 0
1379 340 524 0
1380 503 525 0
1380 -503 -525 0
1381 -504 -342 -526 0
1381 504 526 0
1381 342 526 0
1382 504 527 0
1382 -504 -527 0
1383 505 528 0
1383 -505 -528 0
1384 506 529 0
1384 -506 -529 0
1385 -498 -510 -530 0
1385 498 530 0
1385 510 530 0
1386 -469 -512 -531 0
1386 469 531 0
1386 512 531 0
1387 495 -532 0
1387 -495 532 0
1388 495 -533 0
1388 -495 533 0
1389 -168 -521 -534 0
1389 168 534 0
1389 521 534 0
1390 514 535 0
1390 -514 -535 0
1391 -515 -522 -536 0
1391 515 536 0
1391 522 536 0
1392 515 537 0
1392 -515 -537 0
1393 -516 -523 -538 0
1393 516 538 0
1393 523 538 0
1394 516 539 0
1394 -516 -539 0
1395 -283 -525 -540 0
1395 283 540 0
1395 525 540 0
1396 -284 -527 -541 0
1396 284 541 0
1396 527 541 0
1397 507 -542 0
1397 -507 542 0
1398 507 -543 0
1398 -507 543 0
1399 -517 -497 -544 0
1399 517 544 0
1399 497 544 0
1400 517 545 0
1400 -517 -545 0
1401 -511 -531 -546 0
1401 511 546 0
1401 531 546 0
1402 518 547 0
1402 -518 -547 0
1403 513 548 0
1403 -513 -548 0
1404 519 549 0
1404 -519 -549 0
1405 508 -550 0
1405 -508 550 0
1406 508 -551 0
1406 -508 551 0
1407 -530 -478 -552 0
1407 530 552 0
1407 478 552 0
1408 530 553 0
1408 -530 -553 0
1409 -520 -534 -554 0
1409 520 554 0
1409 534 554 0
1410 -501 -537 -555 0
1410 501 555 0
1410 537 555 0
1411 -502 -539 -556 0
1411 502 556 0
1411 539 556 0
1412 -524 -540 -557 0
1412 524 557 0
1412 540 557 0
1413 -526 -541 -558 0
1413 526 558 0
1413 541 558 0
1414 -484 -545 -559 0
1414 484 559 0
1414 545 559 0
1415 532 560 0
1415 -532 -560 0
1416 -532 -547 -561 0
1416 532 561 0
1416 547 561 0
1417 533 562 0
1417 -533 -562 0
1418 -533 -549 -563 0
1418 533 563 0
1418 549 563 0
1419 543 564 0
1419 -543 -564 0
1420 -448 -553 -565 0
1420 448 565 0
1420 553 565 0
1421 -546 -416 -566 0
1421 546 566 0
1421 416 566 0
1422 546 567 0
1422 -546 -567 0
1423 -536 -555 -568 0
1423 536 568 0
1423 555 568 0
1424 -538 -556 -569 0
1424 538 569 0
1424 556 569 0
1425 550 570 0
1425 -550 -570 0
1426 -550 -528 -571 0
1426 550 571 0
1426 528 571 0
1427 542 572 0
1427 -542 -572 0
1428 551 573 0
1428 -551 -573 0
1429 -551 -529 -574 0
1429 551 574 0
1429 529 574 0
1430 -544 -559 -575 0
1430 544 575 0
1430 559 575 0
1431 -518 -560 -576 0
1431 518 576 0
1431 560 576 0
1432 -519 -562 -577 0
1432 519 577 0
1432 562 577 0
1433 -558 -314 -578 0
1433 558 578 0
1433 314 578 0
1434 558 579 0
1434 -558 -579 0
1435 -552 -565 -580 0
1435 552 580 0
1435 565 580 0
1436 -385 -567 -581 0
1436 385 581 0
1436 567 581 0
1437 -554 -90 -582 0
1437 554 582 0
1437 90 582 0
1438 557 583 0
1438 -557 -583 0
1439 -557 -341 -584 0
1439 557 584 0
1439 341 584 0
1440 -505 -570 -585 0
1440 505 585 0
1440 570 585 0
1441 -506 -573 -586 0
1441 506 586 0
1441 573 586 0
1442 -576 -561 -587 0
1442 576 587 0
1442 561 587 0
1443 -577 -563 -588 0
1443 577 588 0
1443 563 588 0
1444 554 -589 0
1444 -554 589 0
1445 -569 -457 -590 0
1445 569 590 0
1445 457 590 0
1446 569 591 0
1446 -569 -591 0
1447 -568 -458 -592 0
1447 568 592 0
1447 458 592 0
1448 568 593 0
1448 -568 -593 0
1449 -247 -579 -594 0
1449 247 594 0
1449 579 594 0
1450 -575 -414 -595 0
1450 575 595 0
1450 414 595 0
1451 575 596 0
1451 -575 -596 0
1452 -566 -581 -597 0
1452 566 597 0
1452 581 597 0
1453 -246 -583 -598 0
1453 246 598 0
1453 583 598 0
1454 -585 -571 -599 0
1454 585 599 0
1454 571 599 0
1455 -586 -574 -600 0
1455 586 600 0
1455 574 600 0
1456 -418 -591 -601 0
1456 418 601 0
1456 591 601 0
1457 -417 -593 -602 0
1457 417 602 0
1457 593 602 0
1458 -578 -594 -603 0
1458 578 603 0
1458 594 603 0
1459 -381 -596 -604 0
1459 381 604 0
1459 596 604 0
1460 -588 -535 -605 0
1460 588 605 0
1460 535 605 0
1461 588 606 0
1461 -588 -606 0
1462 589 607 0
1462 -589 -607 0
1463 -580 -90 -608 0
1463 580 608 0
1463 90 608 0
1464 587 609 0
1464 -587 -609 0
1465 -587 -548 -610 0
1465 587 610 0
1465 548 610 0
1466 580 -611 0
1466 -580 611 0
1467 582 -612 0
1467 -582 612 0
1468 582 -613 0
1468 -582 613 0
1469 -584 -598 -614 0
1469 584 614 0
1469 598 614 0
1470 -590 -601 -615 0
1470 590 615 0
1470 601 615 0
1471 -592 -602 -616 0
1471 592 616 0
1471 602 616 0
1472 -600 -564 -617 0
1472 600 617 0
1472 564 617 0
1473 600 618 0
1473 -600 -618 0
1474 -595 -604 -619 0
1474 595 619 0
1474 604 619 0
1475 -514 -606 -620 0
1475 514 620 0
1475 606 620 0
1476 -597 -90 -621 0
1476 597 621 0
1476 90 621 0
1477 599 622 0
1477 -599 -622 0
1478 -599 -572 -623 0
1478 599 623 0
1478 572 623 0
1479 -513 -609 -624 0
1479 513 624 0
1479 609 624 0
1480 603 625 0
1480 -603 -625 0
1481 597 -626 0
1481 -597 626 0
1482 615 627 0
1482 -615 -627 0
1483 -543 -618 -628 0
1483 543 628 0
1483 618 628 0
1484 619 629 0
1484 -619 -629 0
1485 -605 -620 -630 0
1485 605 630 0
1485 620 630 0
1486 611 631 0
1486 -611 -631 0
1487 -613 -228 -632 0
1487 613 632 0
1487 228 632 0
1488 613 633 0
1488 -613 -633 0
1489 -612 -229 -634 0
1489 612 634 0
1489 229 634 0
1490 612 635 0
1490 -612 -635 0
1491 614 636 0
1491 -614 -636 0
1492 -542 -622 -637 0
1492 542 637 0
1492 622 637 0
1493 608 -638 0
1493 -608 638 0
1494 608 -639 0
1494 -608 639 0
1495 -610 -624 -640 0
1495 610 640 0
1495 624 640 0
1496 -617 -628 -641 0
1496 617 641 0
1496 628 641 0
1497 625 642 0
1497 -625 -642 0
1498 626 643 0
1498 -626 -643 0
1499 -180 -633 -644 0
1499 180 644 0
1499 633 644 0
1500 -179 -635 -645 0
1500 179 645 0
1500 635 645 0
1501 616 -646 0
1501 -616 646 0
1502 630 647 0
1502 -630 -647 0
1503 621 -648 0
1503 -621 648 0
1504 621 -649 0
1504 -621 649 0
1505 616 -650 0
1505 -616 650 0
1506 -623 -637 -651 0
1506 623 651 0
1506 637 651 0
1507 -627 -154 652 0
1507 627 -652 0
1507 154 -652 0
1508 -155 -629 653 0
1508 155 -653 0
1508 629 -653 0
1509 -639 -226 -654 0
1509 639 654 0
1509 226 654 0
1510 639 655 0
1510 -639 -655 0
1511 -638 -227 -656 0
1511 638 656 0
1511 227 656 0
1512 638 657 0
1512 -638 -657 0
1513 -632 -644 -658 0
1513 632 658 0
1513 644 658 0
1514 -634 -645 -659 0
1514 634 659 0
1514 645 659 0
1515 640 660 0
1515 -640 -660 0
1516 641 661 0
1516 -641 -661 0
1517 646 662 0
1517 -646 -662 0
1518 -646 -642 -663 0
1518 646 663 0
1518 642 663 0
1519 647 664 0
1519 -647 -664 0
1520 -647 -465 -665 0
1520 647 665 0
1520 465 665 0
1521 -649 -391 -666 0
1521 649 666 0
1521 391 666 0
1522 649 667 0
1522 -649 -667 0
1523 -648 -392 -668 0
1523 648 668 0
1523 392 668 0
1524 648 669 0
1524 -648 -669 0
1525 -178 -655 -670 0
1525 178 670 0
1525 655 670 0
1526 -177 -657 -671 0
1526 177 671 0
1526 657 671 0
1527 658 672 0
1527 -658 -672 0
1528 650 673 0
1528 -650 -673 0
1529 -650 -636 -674 0
1529 650 674 0
1529 636 674 0
1530 651 675 0
1530 -651 -675 0
1531 -651 -509 -676 0
1531 651 676 0
1531 509 676 0
1532 652 677 0
1532 -652 -677 0
1533 653 678 0
1533 -653 -678 0
1534 -625 -662 -679 0
1534 625 679 0
1534 662 679 0
1535 661 680 0
1535 -661 -680 0
1536 -661 -496 -681 0
1536 661 681 0
1536 496 681 0
1537 -423 -664 -682 0
1537 423 682 0
1537 664 682 0
1538 -368 -667 -683 0
1538 368 683 0
1538 667 683 0
1539 -367 -669 -684 0
1539 367 684 0
1539 669 684 0
1540 -654 -670 -685 0
1540 654 685 0
1540 670 685 0
1541 -656 -671 -686 0
1541 656 686 0
1541 671 686 0
1542 659 687 0
1542 -659 -687 0
1543 659 -688 0
1543 -659 688 0
1544 -614 -673 -689 0
1544 614 689 0
1544 673 689 0
1545 -493 -675 -690 0
1545 493 690 0
1545 675 690 0
1546 -679 -663 -691 0
1546 679 691 0
1546 663 691 0
1547 -483 -680 -692 0
1547 483 692 0
1547 680 692 0
1548 -682 -665 -693 0
1548 682 693 0
1548 665 693 0
1549 -666 -683 -694 0
1549 666 694 0
1549 683 694 0
1550 -668 -684 -695 0
1550 668 695 0
1550 684 695 0
1551 685 696 0
1551 -685 -696 0
1552 -689 -674 -697 0
1552 689 697 0
1552 674 697 0
1553 -690 -676 -698 0
1553 690 698 0
1553 676 698 0
1554 691 699 0
1554 -691 -699 0
1555 -692 -681 -700 0
1555 692 700 0
1555 681 700 0
1556 -693 -90 -701 0
1556 693 701 0
1556 90 701 0
1557 694 702 0
1557 -694 -702 0
1558 686 703 0
1558 -686 -703 0
1559 686 -704 0
1559 -686 704 0
1560 697 705 0
1560 -697 -705 0
1561 698 706 0
1561 -698 -706 0
1562 -699 -90 -707 0
1562 699 707 0
1562 90 707 0
1563 -700 -90 -708 0
1563 700 708 0
1563 90 708 0
1564 695 709 0
1564 -695 -709 0
1565 695 -710 0
1565 -695 710 0
1566 -687 -703 711 0
1566 687 -711 0
1566 703 -711 0
1567 -688 -703 712 0
1567 688 -712 0
1567 703 -712 0
1568 -687 -704 713 0
1568 687 -713 0
1568 704 -713 0
1569 -688 -704 714 0
1569 688 -714 0
1569 704 -714 0
1570 701 -715 0
1570 -701 715 0
1571 701 -716 0
1571 -701 716 0
1572 707 -717 0
1572 -707 717 0
1573 707 -718 0
1573 -707 718 0
1574 708 -719 0
1574 -708 719 0
1575 708 -720 0
1575 -708 720 0
1576 -716 -224 -721 0
1576 716 721 0
1576 224 721 0
1577 716 722 0
1577 -716 -722 0
1578 -715 -225 -723 0
1578 715 723 0
1578 225 723 0
1579 715 724 0
1579 -715 -724 0
1580 -718 -389 -725 0
1580 718 725 0
1580 389 725 0
1581 718 726 0
1581 -718 -726 0
1582 -717 -390 -727 0
1582 717 727 0
1582 390 727 0
1583 717 728 0
1583 -717 -728 0
1584 -720 -222 -729 0
1584 720 729 0
1584 222 729 0
1585 720 730 0
1585 -720 -730 0
1586 -719 -223 -731 0
1586 719 731 0
1586 223 731 0
1587 719 732 0
1587 -719 -732 0
1588 -176 -722 -733 0
1588 176 733 0
1588 722 733 0
1589 -175 -724 -734 0
1589 175 734 0
1589 724 734 0
1590 -366 -726 -735 0
1590 366 735 0
1590 726 735 0
1591 -365 -728 -736 0
1591 365 736 0
1591 728 736 0
1592 -174 -730 -737 0
1592 174 737 0
1592 730 737 0
1593 -173 -732 -738 0
1593 173 738 0
1593 732 738 0
1594 -721 -733 -739 0
1594 721 739 0
1594 733 739 0
1595 -723 -734 -740 0
1595 723 740 0
1595 734 740 0
1596 -725 -735 -741 0
1596 725 741 0
1596 735 741 0
1597 -727 -736 -742 0
1597 727 742 0
1597 736 742 0
1598 -729 -737 -743 0
1598 729 743 0
1598 737 743 0
1599 -731 -738 -744 0
1599 731 744 0
1599 738 744 0
1600 739 745 0
1600 -739 -745 0
1601 741 746 0
1601 -741 -746 0
1602 743 747 0
1602 -743 -747 0
1603 740 748 0
1603 -740 -748 0
1604 740 -749 0
1604 -740 749 0
1605 742 750 0
1605 -742 -750 0
1606 -323 -742 751 0
1606 323 -751 0
1606 742 -751 0
1607 744 752 0
1607 -744 -752 0
1608 -325 -744 753 0
1608 325 -753 0
1608 744 -753 0
1609 -702 -672 -696 -745 -218 -747 -746 -219 -754 0
1609 702 754 0
1609 672 754 0
1609 696 754 0
1609 745 754 0
1609 218 754 0
1609 747 754 0
1609 746 754 0
1609 219 754 0
1610 751 -755 0
1610 -751 755 0
1611 751 -756 0
1611 -751 756 0
1612 753 -757 0
1612 -753 757 0
1613 753 -758 0
1613 -753 758 0
1614 -709 -748 759 0
1614 709 -759 0
1614 748 -759 0
1615 -710 -748 760 0
1615 710 -760 0
1615 748 -760 0
1616 -709 -749 761 0
1616 709 -761 0
1616 749 -761 0
1617 -710 -749 762 0
1617 710 -762 0
1617 749 -762 0
1618 -100 -754 -95 -95 763 0
1618 100 -763 0
1618 754 -763 0
1618 95 -763 0
1618 95 -763 0
1619 -322 -750 764 0
1619 322 -764 0
1619 750 -764 0
1620 -323 -750 765 0
1620 323 -765 0
1620 750 -765 0
1621 -324 -752 766 0
1621 324 -766 0
1621 752 -766 0
1622 -325 -752 767 0
1622 325 -767 0
1622 752 -767 0
1623 -755 -757 -761 -711 -326 -768 0
1623 755 768 0
1623 757 768 0
1623 761 768 0
1623 711 768 0
1623 326 768 0
1624 -755 -757 -759 -713 -326 -769 0
1624 755 769 0
1624 757 769 0
1624 759 769 0
1624 713 769 0
1624 326 769 0
1625 -755 -757 -759 -712 -326 -770 0
1625 755 770 0
1625 757 770 0
1625 759 770 0
1625 712 770 0
1625 326 770 0
1626 -755 -757 -760 -711 -326 -771 0
1626 755 771 0
1626 757 771 0
1626 760 771 0
1626 711 771 0
1626 326 771 0
1627 -756 -757 -762 -712 -327 -772 0
1627 756 772 0
1627 757 772 0
1627 762 772 0
1627 712 772 0
1627 327 772 0
1628 -756 -758 -761 -714 -327 -773 0
1628 756 773 0
1628 758 773 0
1628 761 773 0
1628 714 773 0
1628 327 773 0
1629 -756 -758 -762 -713 -327 -774 0
1629 756 774 0
1629 758 774 0
1629 762 774 0
1629 713 774 0
1629 327 774 0
1630 -755 -757 -761 -711 -326 775 0
1630 755 -775 0
1630 757 -775 0
1630 761 -775 0
1630 711 -775 0
1630 326 -775 0
1631 -755 -757 -759 -713 -326 776 0
1631 755 -776 0
1631 757 -776 0
1631 759 -776 0
1631 713 -776 0
1631 326 -776 0
1632 -755 -757 -759 -712 -326 777 0
1632 755 -777 0
1632 757 -777 0
1632 759 -777 0
1632 712 -777 0
1632 326 -777 0
1633 -755 -757 -760 -711 -326 778 0
1633 755 -778 0
1633 757 -778 0
1633 760 -778 0
1633 711 -778 0
1633 326 -778 0
1634 -756 -757 -762 -712 -327 779 0
1634 756 -779 0
1634 757 -779 0
1634 762 -779 0
1634 712 -779 0
1634 327 -779 0
1635 -756 -758 -761 -714 -327 780 0
1635 756 -780 0
1635 758 -780 0
1635 761 -780 0
1635 714 -780 0
1635 327 -780 0
1636 -756 -758 -762 -713 -327 781 0
1636 756 -781 0
1636 758 -781 0
1636 762 -781 0
1636 713 -781 0
1636 327 -781 0
1637 -755 -767 -761 -713 -326 -782 0
1637 755 782 0
1637 767 782 0
1637 761 782 0
1637 713 782 0
1637 326 782 0
1638 -756 -767 -761 -712 -326 -783 0
1638 756 783 0
1638 767 783 0
1638 761 783 0
1638 712 783 0
1638 326 783 0
1639 -756 -767 -762 -711 -326 -784 0
1639 756 784 0
1639 767 784 0
1639 762 784 0
1639 711 784 0
1639 326 784 0
1640 -756 -767 -759 -714 -326 -785 0
1640 756 785 0
1640 767 785 0
1640 759 785 0
1640 714 785 0
1640 326 785 0
1641 -756 -767 -760 -713 -327 -786 0
1641 756 786 0
1641 767 786 0
1641 760 786 0
1641 713 786 0
1641 327 786 0
1642 -765 -758 -761 -713 -327 -787 0
1642 765 787 0
1642 758 787 0
1642 761 787 0
1642 713 787 0
1642 327 787 0
1643 -765 -758 -761 -712 -327 -788 0
1643 765 788 0
1643 758 788 0
1643 761 788 0
1643 712 788 0
1643 327 788 0
1644 -765 -758 -762 -711 -327 -789 0
1644 765 789 0
1644 758 789 0
1644 762 789 0
1644 711 789 0
1644 327 789 0
1645 -765 -758 -760 -713 -327 -790 0
1645 765 790 0
1645 758 790 0
1645 760 790 0
1645 713 790 0
1645 327 790 0
1646 -756 -767 -759 -711 -233 -791 0
1646 756 791 0
1646 767 791 0
1646 759 791 0
1646 711 791 0
1646 233 791 0
1647 -765 -758 -759 -711 -233 -792 0
1647 765 792 0
1647 758 792 0
1647 759 792 0
1647 711 792 0
1647 233 792 0
1648 -765 -767 -761 -711 -233 -793 0
1648 765 793 0
1648 767 793 0
1648 761 793 0
1648 711 793 0
1648 233 793 0
1649 -765 -767 -759 -713 -233 -794 0
1649 765 794 0
1649 767 794 0
1649 759 794 0
1649 713 794 0
1649 233 794 0
1650 -765 -767 -759 -712 -233 -795 0
1650 765 795 0
1650 767 795 0
1650 759 795 0
1650 712 795 0
1650 233 795 0
1651 -765 -767 -760 -711 -233 -796 0
1651 765 796 0
1651 767 796 0
1651 760 796 0
1651 711 796 0
1651 233 796 0
1652 -765 -766 -759 -711 -233 -797 0
1652 765 797 0
1652 766 797 0
1652 759 797 0
1652 711 797 0
1652 233 797 0
1653 -764 -767 -759 -711 -233 -798 0
1653 764 798 0
1653 767 798 0
1653 759 798 0
1653 711 798 0
1653 233 798 0
1654 -755 -767 -761 -713 -326 799 0
1654 755 -799 0
1654 767 -799 0
1654 761 -799 0
1654 713 -799 0
1654 326 -799 0
1655 -756 -767 -761 -712 -326 800 0
1655 756 -800 0
1655 767 -800 0
1655 761 -800 0
1655 712 -800 0
1655 326 -800 0
1656 -756 -767 -762 -711 -326 801 0
1656 756 -801 0
1656 767 -801 0
1656 762 -801 0
1656 711 -801 0
1656 326 -801 0
1657 -756 -767 -759 -714 -326 802 0
1657 756 -802 0
1657 767 -802 0
1657 759 -802 0
1657 714 -802 0
1657 326 -802 0
1658 -756 -767 -760 -713 -327 803 0
1658 756 -803 0
1658 767 -803 0
1658 760 -803 0
1658 713 -803 0
1658 327 -803 0
1659 -765 -758 -761 -713 -327 804 0
1659 765 -804 0
1659 758 -804 0
1659 761 -804 0
1659 713 -804 0
1659 327 -804 0
1660 -765 -758 -761 -712 -327 805 0
1660 765 -805 0
1660 758 -805 0
1660 761 -805 0
1660 712 -805 0
1660 327 -805 0
1661 -765 -758 -762 -711 -327 806 0
1661 765 -806 0
1661 758 -806 0
1661 762 -806 0
1661 711 -806 0
1661 327 -806 0
1662 -765 -758 -760 -713 -327 807 0
1662 765 -807 0
1662 758 -807 0
1662 760 -807 0
1662 713 -807 0
1662 327 -807 0
1663 -775 -117 -808 0
1663 775 808 0
1663 117 808 0
1664 775 809 0
1664 -775 -809 0
1665 -776 -118 -810 0
1665 776 810 0
1665 118 810 0
1666 776 811 0
1666 -776 -811 0
1667 -777 -119 -812 0
1667 777 812 0
1667 119 812 0
1668 777 813 0
1668 -777 -813 0
1669 -778 -120 -814 0
1669 778 814 0
1669 120 814 0
1670 778 815 0
1670 -778 -815 0
1671 -779 -126 -816 0
1671 779 816 0
1671 126 816 0
1672 779 817 0
1672 -779 -817 0
1673 -780 -131 -818 0
1673 780 818 0
1673 131 818 0
1674 780 819 0
1674 -780 -819 0
1675 -781 -132 -820 0
1675 781 820 0
1675 132 820 0
1676 781 821 0
1676 -781 -821 0
1677 -791 -792 -793 -794 -795 -796 -797 -798 822 0
1677 791 -822 0
1677 792 -822 0
1677 793 -822 0
1677 794 -822 0
1677 795 -822 0
1677 796 -822 0
1677 797 -822 0
1677 798 -822 0
1678 -101 -809 -823 0
1678 101 823 0
1678 809 823 0
1679 -102 -811 -824 0
1679 102 824 0
1679 811 824 0
1680 -103 -813 -825 0
1680 103 825 0
1680 813 825 0
1681 -104 -815 -826 0
1681 104 826 0
1681 815 826 0
1682 -799 -121 -827 0
1682 799 827 0
1682 121 827 0
1683 799 828 0
1683 -799 -828 0
1684 -800 -122 -829 0
1684 800 829 0
1684 122 829 0
1685 800 830 0
1685 -800 -830 0
1686 -801 -123 -831 0
1686 801 831 0
1686 123 831 0
1687 801 832 0
1687 -801 -832 0
1688 -802 -124 -833 0
1688 802 833 0
1688 124 833 0
1689 802 834 0
1689 -802 -834 0
1690 -803 -125 -835 0
1690 803 835 0
1690 125 835 0
1691 803 836 0
1691 -803 -836 0
1692 -110 -817 -837 0
1692 110 837 0
1692 817 837 0
1693 -804 -127 -838 0
1693 804 838 0
1693 127 838 0
1694 804 839 0
1694 -804 -839 0
1695 -805 -128 -840 0
1695 805 840 0
1695 128 840 0
1696 805 841 0
1696 -805 -841 0
1697 -806 -129 -842 0
1697 806 842 0
1697 129 842 0
1698 806 843 0
1698 -806 -843 0
1699 -807 -130 -844 0
1699 807 844 0
1699 130 844 0
1700 807 845 0
1700 -807 -845 0
1701 -115 -819 -846 0
1701 115 846 0
1701 819 846 0
1702 -116 -821 -847 0
1702 116 847 0
1702 821 847 0
1703 -768 -769 -770 -771 -782 -783 -784 -785 -848 0
1703 768 848 0
1703 769 848 0
1703 770 848 0
1703 771 848 0
1703 782 848 0
1703 783 848 0
1703 784 848 0
1703 785 848 0
1704 -786 -772 -787 -788 -789 -790 -773 -774 -849 0
1704 786 849 0
1704 772 849 0
1704 787 849 0
1704 788 849 0
1704 789 849 0
1704 790 849 0
1704 773 849 0
1704 774 849 0
1705 -768 -769 -770 -771 -782 -783 -784 -785 850 0
1705 768 -850 0
1705 769 -850 0
1705 770 -850 0
1705 771 -850 0
1705 782 -850 0
1705 783 -850 0
1705 784 -850 0
1705 785 -850 0
1706 -786 -772 -787 -788 -789 -790 -773 -774 851 0
1706 786 -851 0
1706 772 -851 0
1706 787 -851 0
1706 788 -851 0
1706 789 -851 0
1706 790 -851 0
1706 773 -851 0
1706 774 -851 0
1707 -808 -823 -34 0
1707 808 34 0
1707 823 34 0
1708 -810 -824 -35 0
1708 810 35 0
1708 824 35 0
1709 -812 -825 -36 0
1709 812 36 0
1709 825 36 0
1710 -814 -826 -37 0
1710 814 37 0
1710 826 37 0
1711 -105 -828 -852 0
1711 105 852 0
1711 828 852 0
1712 -106 -830 -853 0
1712 106 853 0
1712 830 853 0
1713 -107 -832 -854 0
1713 107 854 0
1713 832 854 0
1714 -108 -834 -855 0
1714 108 855 0
1714 834 855 0
1715 -109 -836 -856 0
1715 109 856 0
1715 836 856 0
1716 -816 -837 -38 0
1716 816 38 0
1716 837 38 0
1717 -111 -839 -857 0
1717 111 857 0
1717 839 857 0
1718 -112 -841 -858 0
1718 112 858 0
1718 841 858 0
1719 -113 -843 -859 0
1719 113 859 0
1719 843 859 0
1720 -114 -845 -860 0
1720 114 860 0
1720 845 860 0
1721 -818 -846 -39 0
1721 818 39 0
1721 846 39 0
1722 -820 -847 -40 0
1722 820 40 0
1722 847 40 0
1723 -848 -85 861 0
1723 848 -861 0
1723 85 -861 0
1724 -849 -86 862 0
1724 849 -862 0
1724 86 -862 0
1725 -827 -852 -41 0
1725 827 41 0
1725 852 41 0
1726 -829 -853 -42 0
1726 829 42 0
1726 853 42 0
1727 -831 -854 -43 0
1727 831 43 0
1727 854 43 0
1728 -833 -855 -44 0
1728 833 44 0
1728 855 44 0
1729 -835 -856 -45 0
1729 835 45 0
1729 856 45 0
1730 -838 -857 -46 0
1730 838 46 0
1730 857 46 0
1731 -840 -858 -47 0
1731 840 47 0
1731 858 47 0
1732 -842 -859 -48 0
1732 842 48 0
1732 859 48 0
1733 -844 -860 -49 0
1733 844 49 0
1733 860 49 0
1734 -850 -851 -822 863 0
1734 850 -863 0
1734 851 -863 0
1734 822 -863 0
1735 -850 -851 -864 0
1735 850 864 0
1735 851 864 0
1736 -100 -754 -32 -863 865 0
1736 100 -865 0
1736 754 -865 0
1736 32 -865 0
1736 863 -865 0
1737 -861 -677 -866 0
1737 861 866 0
1737 677 866 0
1738 861 867 0
1738 -861 -867 0
1739 -862 -678 -868 0
1739 862 868 0
1739 678 868 0
1740 862 869 0
1740 -862 -869 0
1741 763 865 50 0
1741 -763 -50 0
1741 -865 -50 0
1742 -216 -89 -864 870 0
1742 216 -870 0
1742 89 -870 0
1742 864 -870 0
1743 -25 -89 -864 871 0
1743 25 -871 0
1743 89 -871 0
1743 864 -871 0
1744 -27 -89 -864 872 0
1744 27 -872 0
1744 89 -872 0
1744 864 -872 0
1745 -28 -89 -864 873 0
1745 28 -873 0
1745 89 -873 0
1745 864 -873 0
1746 -217 -89 -864 874 0
1746 217 -874 0
1746 89 -874 0
1746 864 -874 0
1747 -652 -867 -875 0
1747 652 875 0
1747 867 875 0
1748 -653 -869 -876 0
1748 653 876 0
1748 869 876 0
1749 -26 -89 -864 877 0
1749 26 -877 0
1749 89 -877 0
1749 864 -877 0
1750 -866 -875 -878 0
1750 866 878 0
1750 875 878 0
1751 -868 -876 -879 0
1751 868 879 0
1751 876 879 0
1752 -870 -705 -880 0
1752 870 880 0
1752 705 880 0
1753 -871 -706 -881 0
1753 871 881 0
1753 706 881 0
1754 -872 -631 -882 0
1754 872 882 0
1754 631 882 0
1755 -873 -607 -883 0
1755 873 883 0
1755 607 883 0
1756 -874 -643 -884 0
1756 874 884 0
1756 643 884 0
1757 870 885 0
1757 -870 -885 0
1758 871 886 0
1758 -871 -886 0
1759 872 887 0
1759 -872 -887 0
1760 873 888 0
1760 -873 -888 0
1761 874 889 0
1761 -874 -889 0
1762 877 890 0
1762 -877 -890 0
1763 -877 -660 -891 0
1763 877 891 0
1763 660 891 0
1764 -697 -885 -892 0
1764 697 892 0
1764 885 892 0
1765 -698 -886 -893 0
1765 698 893 0
1765 886 893 0
1766 -611 -887 -894 0
1766 611 894 0
1766 887 894 0
1767 -589 -888 -895 0
1767 589 895 0
1767 888 895 0
1768 -626 -889 -896 0
1768 626 896 0
1768 889 896 0
1769 -878 -205 -897 0
1769 878 897 0
1769 205 897 0
1770 878 898 0
1770 -878 -898 0
1771 -879 -206 -899 0
1771 879 899 0
1771 206 899 0
1772 879 900 0
1772 -879 -900 0
1773 -640 -890 -901 0
1773 640 901 0
1773 890 901 0
1774 -892 -880 -902 0
1774 892 902 0
1774 880 902 0
1775 -893 -881 -903 0
1775 893 903 0
1775 881 903 0
1776 -894 -882 -904 0
1776 894 904 0
1776 882 904 0
1777 -895 -883 -905 0
1777 895 905 0
1777 883 905 0
1778 -896 -884 -906 0
1778 896 906 0
1778 884 906 0
1779 -181 -898 -907 0
1779 181 907 0
1779 898 907 0
1780 -182 -900 -908 0
1780 182 908 0
1780 900 908 0
1781 -901 -891 -909 0
1781 901 909 0
1781 891 909 0
1782 -902 -133 51 0
1782 902 -51 0
1782 133 -51 0
1783 -134 -903 52 0
1783 134 -52 0
1783 903 -52 0
1784 -136 -904 53 0
1784 136 -53 0
1784 904 -53 0
1785 -905 -137 54 0
1785 905 -54 0
1785 137 -54 0
1786 -138 -906 55 0
1786 138 -55 0
1786 906 -55 0
1787 -897 -907 -56 0
1787 897 56 0
1787 907 56 0
1788 -899 -908 -57 0
1788 899 57 0
1788 908 57 0
1789 -909 -440 -910 0
1789 909 910 0
1789 440 910 0
1790 909 911 0
1790 -909 -911 0
1791 -403 -911 -912 0
1791 403 912 0
1791 911 912 0
1792 -910 -912 -913 0
1792 910 913 0
1792 912 913 0
1793 -913 -135 58 0
1793 913 -58 0
1793 135 -58 0
-1036 -1037 -1071 -1072 -1507 -1508 -1566 -1567 -1568 -1569 -1606 -1608 -1614 -1615 -1616 -1617 -1619 -1620 -1621 -1622 -1723 -1724 -1782 -1000 -1783 -1784 -1785 -1786 -1793 -1004 -1023 -1027 -1050 -1088 -1734 -1742 -1743 -1744 -1745 -1746 -1749 -1006 -1618 -1736 -1630 -1631 -1632 -1633 -1634 -1635 -1636 -1654 -1655 -1656 -1657 -1658 -1659 -1660 -1661 -1662 -1677 -1705 -1706 -1014 -1015 -1016 -1017 -1018 -1019 -1020 -1021 -1022 -1024 -1025 -1026 -1028 -1029 -1030 -1031 -1032 -1033 -1034 -1035 -1038 -1039 -1040 -1041 -1042 -1043 -1044 -1045 -1046 -1047 -1048 -1049 -1051 -1052 -1053 -1054 -1055 -1056 -1057 -1058 -1059 -1089 -1091 -1093 -1095 -1097 -1099 -1101 -1102 -1103 -1105 -1107 -1109 -1111 -1113 -1120 -1122 -934 -1132 -935 -1133 -1134 -1135 -1136 -1137 -1138 -1139 -1140 -1141 -1142 -1143 -1144 -1145 -1178 -1180 -1220 -1221 -1222 -944 -1223 -946 -948 -1272 -1273 -951 -953 -954 -956 -1350 -957 -1356 -1357 -1358 -1359 -1360 -1361 -1362 -958 -1363 -1368 -1369 -1370 -1371 -1372 -959 -1373 -1374 -960 -1387 -1388 -961 -1397 -1398 -962 -1405 -1406 -963 -964 -965 -966 -1444 -967 -968 -1466 -1467 -1468 -969 -1481 -970 -971 -1493 -1494 -1501 -1503 -1504 -1505 -1543 -1559 -1565 -1570 -1571 -1572 -1573 -1574 -1575 -1604 -1610 -1611 -1612 -1613 -994 -995 -996 -997 -998 -999 -1001 -1002 -1003 -1005 -1007 -1008 -1013 -1073 -1074 -1075 -1076 -930 -931 -1146 -1147 -1148 -1149 -1150 -1151 -1152 -1153 -1154 -1155 -1156 -1157 -1158 -1159 -1160 -1161 -1164 -1172 -1174 -1176 -1181 -1182 -1184 -1186 -1188 -1190 -1192 -1194 -1199 -1202 -1204 -1207 -1209 -1210 -1211 -1213 -1216 -1217 -1218 -1219 -1225 -1226 -1227 -1228 -1229 -1230 -1231 -1232 -1233 -1234 -1235 -1237 -1238 -1239 -1241 -1242 -1248 -1249 -1250 -1251 -1252 -1253 -1254 -1255 -1256 -1257 -1258 -1260 -1262 -1263 -1264 -1266 -1268 -1270 -1274 -1275 -1276 -1277 -1279 -1281 -1283 -1285 -1287 -1289 -1291 -1293 -1296 -1298 -1300 -1302 -1303 -1305 -1306 -1307 -1308 -1309 -1310 -1311 -1314 -1315 -1316 -1317 -1318 -1319 -1321 -1322 -1323 -1325 -1326 -1327 -1328 -1329 -1330 -1331 -1332 -1334 -1338 -1339 -1340 -1345 -1346 -1353 -1355 -1365 -1366 -1375 -1379 -1381 -1385 -1386 -1389 -1391 -1393 -1395 -1396 -1399 -1401 -1407 -1409 -1410 -1411 -1412 -1413 -1414 -1416 -1418 -1420 -1421 -1423 -1424 -1426 -1429 -1430 -1431 -1432 -1433 -1435 -1436 -1437 -1439 -1440 -1441 -1442 -1443 -1445 -1447 -1449 -1450 -1452 -1453 -1454 -1455 -1456 -1457 -1458 -1459 -1460 -1463 -1465 -1469 -1470 -1471 -1472 -1474 -1475 -1476 -1478 -1479 -1483 -1485 -1487 -1489 -1492 -1495 -1496 -1499 -1500 -1506 -1509 -1511 -1513 -1514 -1518 -1520 -1521 -1523 -1525 -1526 -1529 -1531 -1534 -1536 -1537 -1538 -1539 -1540 -1541 -1544 -1545 -1546 -1547 -1548 -1549 -1550 -1552 -1553 -1555 -1556 -1562 -1563 -1576 -1578 -1580 -1582 -1584 -1586 -1588 -1589 -1590 -1591 -1592 -1593 -1594 -1595 -1596 -1597 -1598 -1599 -988 -1663 -1665 -1667 -1669 -1671 -989 -1673 -1675 -1678 -1679 -1680 -1681 -1682 -990 -1684 -1686 -1688 -1690 -1692 -991 -1693 -1695 -1697 -1699 -1701 -1702 -992 -1707 -1708 -1709 -1710 -1711 -1712 -993 -1713 -1714 -1715 -1716 -1717 -1718 -1719 -1720 -1721 -1722 -1725 -1726 -1727 -1728 -1729 -1730 -1731 -1732 -1733 -1735 -1737 -1739 -1747 -1748 -1750 -1751 -1752 -1753 -1754 -1755 -1756 -1763 -1764 -1765 -1766 -1767 -1768 -1769 -1771 -1773 -1774 -1775 -1776 -1777 -1778 -1779 -1780 -1781 -1787 -1788 -1789 -1791 -1792 -1009 -1010 -1011 -1012 -1087 -1085 -1086 -1623 -1624 -1625 -1626 -1627 -1628 -1629 -1637 -1638 -1639 -1640 -1641 -1642 -1643 -1644 -1645 -1646 -1647 -1648 -1649 -1650 -1651 -1652 -1653 -1609 -1703 -1704 -1741 -914 -923 -924 -925 -926 -927 -1060 -1061 -1062 -928 -1063 -1064 -1065 -1066 -1067 -1068 -1069 -1070 -929 -1077 -1078 -1079 -1080 -1081 -1082 -1083 -1084 -1090 -1092 -1094 -1096 -1098 -1100 -932 -1104 -1106 -1108 -1110 -1112 -915 -933 -1114 -1115 -1116 -1117 -1118 -1119 -1121 -1123 -1124 -1125 -1126 -1127 -1128 -1129 -1130 -1131 -936 -937 -1162 -938 -1163 -1165 -1166 -1167 -1168 -1169 -1170 -1171 -939 -1173 -1175 -1177 -1179 -940 -1183 -1185 -1187 -1189 -1191 -941 -1193 -1195 -1196 -1197 -1198 -1200 -1201 -942 -1203 -1205 -1206 -1208 -1212 -916 -943 -1214 -1215 -1224 -945 -1236 -1240 -1243 -1244 -1245 -1246 -1247 -947 -1259 -1261 -1265 -1267 -1269 -1271 -949 -1278 -1280 -1282 -950 -1284 -1286 -1288 -1290 -1292 -1294 -1295 -1297 -1299 -1301 -952 -1304 -1312 -917 -1313 -1320 -1324 -955 -1333 -1335 -1336 -1337 -1341 -1342 -1343 -1344 -1347 -1348 -1349 -1351 -1352 -1354 -1364 -1367 -1376 -1377 -1378 -1380 -1382 -1383 -1384 -1390 -1392 -1394 -1400 -1402 -1403 -1404 -1408 -918 -1415 -1417 -1419 -1422 -1425 -1427 -1428 -1434 -1438 -1446 -1448 -1451 -1461 -1462 -1464 -1473 -1477 -1480 -1482 -1484 -1486 -1488 -1490 -1491 -1497 -1498 -1502 -972 -1510 -1512 -919 -973 -1515 -1516 -1517 -1519 -1522 -974 -1524 -1527 -1528 -1530 -1532 -975 -1533 -1535 -1542 -976 -1551 -977 -1554 -1557 -1558 -1560 -1561 -978 -1564 -979 -1577 -1579 -1581 -980 -1583 -1585 -1587 -981 -1600 -1601 -1602 -982 -1603 -1605 -1607 -920 -983 -984 -985 -986 -987 -1664 -1666 -1668 -1670 -1672 -1674 -1676 -1683 -1685 -1687 -1689 -1691 -1694 -1696 -1698 -1700 -921 -1738 -1740 -1757 -1758 -1759 -1760 -1761 -1762 -1770 -1772 -1790 -922 0